3.265111653732105512e-06,3.224170015608474746e-06,7.547764867639302038e-06,3.224170015608474746e-06,6.411985240594515071e-06,5.201753160586715400e-06,7.547764867639302038e-06,5.201753160586715400e-06,7.466396473976941979e-06
3.180787057034340894e-06,3.142530754460309836e-06,7.362187416943067518e-06,3.142530754460309836e-06,6.247985451320610436e-06,5.082564132977778582e-06,7.362187416943067518e-06,5.082564132977778582e-06,7.281942725094687677e-06
3.079356722944899592e-06,3.044294135239264596e-06,7.138767296473452564e-06,3.044294135239264596e-06,6.050682114258199002e-06,4.938882151429835762e-06,7.138767296473452564e-06,4.938882151429835762e-06,7.059896269406947523e-06
2.957840832426154315e-06,2.926549853309402243e-06,6.870808414671438528e-06,2.926549853309402243e-06,5.814255294365914211e-06,4.766274476177557330e-06,6.870808414671438528e-06,4.766274476177557330e-06,6.793616099455054593e-06
2.812997986933546460e-06,2.786120734436491674e-06,6.550964870510109799e-06,2.786120734436491674e-06,5.532363118431560749e-06,4.559820196450465614e-06,6.550964870510109799e-06,4.559820196450465614e-06,6.475823132702855612e-06
2.641456990950324463e-06,2.619683838243059190e-06,6.171495709293549127e-06,2.619683838243059190e-06,5.198391788779278283e-06,4.314240166248601984e-06,6.171495709293549127e-06,4.314240166248601984e-06,6.098857134983776993e-06
2.439964008941836924e-06,2.424000517547035129e-06,5.724758689502071349e-06,2.424000517547035129e-06,4.805927321813166365e-06,4.024166224756479013e-06,5.724758689502071349e-06,4.024166224756479013e-06,5.655172776655178297e-06
2.205806549430695136e-06,2.196314001900872386e-06,5.204073300014247086e-06,2.196314001900872386e-06,4.349567627176094998e-06,3.684628582980818385e-06,5.204073300014247086e-06,3.684628582980818385e-06,5.138204800604999040e-06
1.937501419064225258e-06,1.934997842664579625e-06,4.605139278929846230e-06,1.934997842664579625e-06,3.826243405402180249e-06,3.291875740287305389e-06,4.605139278929846230e-06,3.291875740287305389e-06,4.543788010907055329e-06
1.635866451090501487e-06,1.640570299890593898e-06,3.928269496416428113e-06,1.640570299890593898e-06,3.237279978725906720e-06,2.844688649547375415e-06,3.928269496416428113e-06,2.844688649547375415e-06,3.872389889249430487e-06
1.305633829366429674e-06,1.317227217267891547e-06,3.181783437524596437e-06,1.317227217267891547e-06,2.591506741481541493e-06,2.346410544222092270e-06,3.181783437524596437e-06,2.346410544222092270e-06,3.132500107037646951e-06
9.577997120319314228e-07,9.750834342005909906e-07,2.386998658199582326e-06,9.750834342005909906e-07,1.909794380394568551e-06,1.807981959364356920e-06,2.386998658199582326e-06,1.807981959364356920e-06,2.345610750164244207e-06
6.129238612018594278e-07,6.333351888781168264e-07,1.585321543642762478e-06,6.333351888781168264e-07,1.231440846080083067e-06,1.252332808649790380e-06,1.585321543642762478e-06,1.252332808649790380e-06,1.553282335328988863e-06
3.055572857912625933e-07,3.245294588183074669e-07,8.479044817299932347e-07,3.245294588183074669e-07,6.227654243322443668e-07,7.205039476538361112e-07,8.479044817299932347e-07,7.205039476538361112e-07,8.267520625710383030e-07
8.981197998356056358e-08,9.998246153421002764e-08,2.880581034017497923e-07,9.998246153421002764e-08,1.879659653436195971e-07,2.797707213917171542e-07,2.880581034017497923e-07,2.797707213917171542e-07,2.792553926515541418e-07
4.565914380597149123e-08,3.600131816218775912e-08,7.580780240837510723e-08,3.600131816218775912e-08,8.148761973893021101e-08,3.366350835208427097e-08,7.580780240837510723e-08,3.366350835208427097e-08,8.042266756715658681e-08
2.846225766332311285e-07,2.397131376806792940e-07,4.521825835291388510e-07,2.397131376806792940e-07,5.194023103369029814e-07,1.328372090937360316e-07,4.521825835291388510e-07,1.328372090937360316e-07,4.702990900694650698e-07
9.517874319683648846e-07,8.516699480514322366e-07,1.737282793289209894e-06,8.516699480514322366e-07,1.783955236572460889e-06,7.837573467975128396e-07,1.737282793289209894e-06,7.837573467975128396e-07,1.766985187712911983e-06
2.218107545965101442e-06,2.039606970369031507e-06,4.320000876234195649e-06,2.039606970369031507e-06,4.209774580088349375e-06,2.248487953915607013e-06,4.320000876234195649e-06,2.248487953915607013e-06,4.355730669360615640e-06
4.252839103340308443e-06,3.973697276543669400e-06,8.608077210899991064e-06,3.973697276543669400e-06,8.132149861587889103e-06,4.822926746080253252e-06,8.608077210899991064e-06,4.822926746080253252e-06,8.638186409089593088e-06
7.161910233892479809e-06,6.769524320258501186e-06,1.490711353058442703e-05,6.769524320258501186e-06,1.376974901610199335e-05,8.773231842960865933e-06,1.490711353058442703e-05,8.773231842960865933e-06,1.491065599465615794e-05
1.087912203822937933e-05,1.038528766468002309e-05,2.319554273093630078e-05,1.038528766468002309e-05,2.101552683952724948e-05,1.420535573040365408e-05,2.319554273093630078e-05,1.420535573040365408e-05,2.313901131537068147e-05
1.501483504260668022e-05,1.447526548440540423e-05,3.279268416057573381e-05,1.447526548440540423e-05,2.914248444401195415e-05,2.085348613256760651e-05,3.279268416057573381e-05,2.085348613256760651e-05,3.262884867359799076e-05
1.871852506473608083e-05,1.824902770034387103e-05,4.201686925287005431e-05,1.824902770034387103e-05,3.652900146958288036e-05,2.782402723682572332e-05,4.201686925287005431e-05,2.782402723682572332e-05,4.169019483422038095e-05
2.070205066985594802e-05,2.047172735473434192e-05,4.811979514490465640e-05,2.047172735473434192e-05,4.068264750704784507e-05,3.344355664844419481e-05,4.811979514490465640e-05,3.344355664844419481e-05,4.758505707398666287e-05
1.964210449259600218e-05,1.981463148320111183e-05,4.796260105509112784e-05,1.981463148320111183e-05,3.898492467847488056e-05,3.549391995841952242e-05,4.796260105509112784e-05,3.549391995841952242e-05,4.722172694931873506e-05
1.507086724292145957e-05,1.567687587201594066e-05,3.974869849706953739e-05,1.567687587201594066e-05,3.038365124689410988e-05,3.210477773620894714e-05,3.974869849706953739e-05,3.210477773620894714e-05,3.889996361358364241e-05
8.422680164852181523e-06,9.200706531186085443e-06,2.530615815213841692e-05,9.200706531186085443e-06,1.742925763811872691e-05,2.318575281982990769e-05,2.530615815213841692e-05,2.318575281982990769e-05,2.457773821834117778e-05
3.335397895313497015e-06,3.663984576200925473e-06,1.123691635609603869e-05,3.663984576200925473e-06,6.957011455240671913e-06,1.160284924209702149e-05,1.123691635609603869e-05,1.160284924209702149e-05,1.095490478149179094e-05
4.267176445483876452e-06,3.355181007209547380e-06,6.977931389277021250e-06,3.355181007209547380e-06,7.603763270833571799e-06,2.964746277822676319e-06,6.977931389277021250e-06,2.964746277822676319e-06,7.423051604021607297e-06
1.342930404345294902e-05,1.083961951653171351e-05,1.937500954449832292e-05,1.083961951653171351e-05,2.407327688929159013e-05,3.420225956448161760e-06,1.937500954449832292e-05,3.420225956448161760e-06,2.053819569446786879e-05
2.759041875602042112e-05,2.389437492529426335e-05,4.609738137138389102e-05,2.389437492529426335e-05,5.095552009020781455e-05,1.597581887882303870e-05,4.609738137138389102e-05,1.597581887882303870e-05,4.746210314662862228e-05
3.774716761293639818e-05,3.470685334631673491e-05,7.285260330909969944e-05,3.470685334631673491e-05,7.162971827837142063e-05,3.697235096806453827e-05,7.285260330909969944e-05,3.697235096806453827e-05,7.347720988043723628e-05
3.487977916792294033e-05,3.437533146081140967e-05,8.050654319512995350e-05,3.437533146081140967e-05,6.843037978765864528e-05,5.549135248648298934e-05,8.050654319512995350e-05,5.549135248648298934e-05,7.968820932412560567e-05
2.136154032565886713e-05,2.306004132186181171e-05,6.392475870035798453e-05,2.306004132186181171e-05,4.396602226008782162e-05,5.894382067986845170e-05,6.392475870035798453e-05,5.894382067986845170e-05,6.227320440712416649e-05
1.815092932922874222e-05,1.794286902487295899e-05,4.971772624068542619e-05,1.794286902487295899e-05,3.603255220502297633e-05,4.490569006524809177e-05,4.971772624068542619e-05,4.490569006524809177e-05,4.953794781846079874e-05
5.116246582419708917e-05,4.349392645728369098e-05,8.411445044183339746e-05,4.349392645728369098e-05,9.437865903667634301e-05,2.986293941630834692e-05,8.411445044183339746e-05,2.986293941630834692e-05,8.779494091724391962e-05
1.167295460008709669e-04,1.004555284051094217e-04,1.787290009059924875e-04,1.004555284051094217e-04,2.158204425440342453e-04,3.828785744499255237e-05,1.787290009059924875e-04,3.828785744499255237e-05,1.859345219331034115e-04
1.641716127748270391e-04,1.456426346637882112e-04,2.654180917512475083e-04,1.456426346637882112e-04,3.072235399727399926e-04,7.164922384648971583e-05,2.654180917512475083e-04,7.164922384648971583e-05,2.724938607687307692e-04
1.382196904979219145e-04,1.263723455437076361e-04,2.450316824458361083e-04,1.263723455437076361e-04,2.619114429616784933e-04,9.455052219111961733e-05,2.450316824458361083e-04,9.455052219111961733e-05,2.483313381420263876e-04
5.730178055408435215e-05,5.476813304249360866e-05,1.228580366905509288e-04,5.476813304249360866e-05,1.107660995952925738e-04,7.611972653225988490e-05,1.228580366905509288e-04,7.611972653225988490e-05,1.225479496503562135e-04
3.682491818932123154e-05,3.617565236848933256e-05,8.148221312611567688e-05,3.617565236848933256e-05,7.295160377814577986e-05,5.298454711951755764e-05,8.148221312611567688e-05,5.298454711951755764e-05,8.129539164423929684e-05
1.990961835621028882e-04,1.880251057534719277e-04,3.503225153441613584e-04,1.880251057534719277e-04,3.857272090831562672e-04,1.219236492802188684e-04,3.503225153441613584e-04,1.219236492802188684e-04,3.536051662859542445e-04
5.282299252226874868e-04,4.994443004509160292e-04,9.360353633909499187e-04,4.994443004509160292e-04,1.021542160297193988e-03,3.318286494128728104e-04,9.360353633909499187e-04,3.318286494128728104e-04,9.425176014712878438e-04
8.179336634138169001e-04,7.760808947169684380e-04,1.486638426582076716e-03,7.760808947169684380e-04,1.582342418733280074e-03,5.787723666726604091e-04,1.486638426582076716e-03,5.787723666726604091e-04,1.493097787364042108e-03
8.158532472174778900e-04,7.756830556338533116e-04,1.523961829853924402e-03,7.756830556338533116e-04,1.578022084710500438e-03,6.527431645112047971e-04,1.523961829853924402e-03,6.527431645112047971e-04,1.527638471553279063e-03
4.832115823834497257e-04,4.590578765215569618e-04,9.348913212225930984e-04,4.590578765215569618e-04,9.328599509097749336e-04,4.493306801281423996e-04,9.348913212225930984e-04,4.493306801281423996e-04,9.358367352000944916e-04
1.238519230688572891e-04,1.175996726978626475e-04,2.599407187771675138e-04,1.175996726978626475e-04,2.389071651926055881e-04,1.552781626994603629e-04,2.599407187771675138e-04,1.552781626994603629e-04,2.598260601330427532e-04
1.983248338311614464e-04,1.955917466918985839e-04,3.847921599049504578e-04,1.955917466918985839e-04,3.938159793845444345e-04,1.761731898093977003e-04,3.847921599049504578e-04,1.761731898093977003e-04,3.836415749437878863e-04
9.217767175194659535e-04,9.003044019258644353e-04,1.769251007948475108e-03,9.003044019258644353e-04,1.814596883128242544e-03,7.902031942732338490e-04,1.769251007948475108e-03,7.902031942732338490e-04,1.764254631243208568e-03
1.992451078216861491e-03,1.936934853748073070e-03,3.869974936314917076e-03,1.936934853748073070e-03,3.906462155108269413e-03,1.808402041075774262e-03,3.869974936314917076e-03,1.808402041075774262e-03,3.858729666068483766e-03
2.738359643742540282e-03,2.651429520705582236e-03,5.369773367868136554e-03,2.651429520705582236e-03,5.352269640187245874e-03,2.600094835265422642e-03,5.369773367868136554e-03,2.600094835265422642e-03,5.354854047537949309e-03
2.615695389002459497e-03,2.518489365649489910e-03,5.155797883033553554e-03,2.518489365649489910e-03,5.092861787444954470e-03,2.557997188097912468e-03,5.155797883033553554e-03,2.557997188097912468e-03,5.144589544864470142e-03
1.678463879898038158e-03,1.600028638084891649e-03,3.302858994583543224e-03,1.600028638084891649e-03,3.247593612107837514e-03,1.657941575672306931e-03,3.302858994583543224e-03,1.657941575672306931e-03,3.301044341778070195e-03
6.461257036172742517e-04,6.047562925499503240e-04,1.254890099996339809e-03,6.047562925499503240e-04,1.238176108806231506e-03,6.277302923808130916e-04,1.254890099996339809e-03,6.277302923808130916e-04,1.259750030481549595e-03
4.806871091111410079e-04,4.654723107033165142e-04,9.712721016035219491e-04,4.654723107033165142e-04,9.464421017392230873e-04,5.210664266875683496e-04,9.712721016035219491e-04,5.210664266875683496e-04,9.725441570062281051e-04
1.735821579546652877e-03,1.702225927985095586e-03,3.575946993444428703e-03,1.702225927985095586e-03,3.434681999995504564e-03,1.965485924035289579e-03,3.575946993444428703e-03,1.965485924035289579e-03,3.564473060426685217e-03
4.132337695457563749e-03,4.021155119791675059e-03,8.474775281045635045e-03,4.021155119791675059e-03,8.127265750655716242e-03,4.643322910781818962e-03,8.474775281045635045e-03,4.643322910781818962e-03,8.450899269002843869e-03
6.666174346402546809e-03,6.437632297654258436e-03,1.358840308781077838e-02,6.437632297654258436e-03,1.304353918991505053e-02,7.402988426817411378e-03,1.358840308781077838e-02,7.402988426817411378e-03,1.356272869128377807e-02
8.162579353470507740e-03,7.823660161841826041e-03,1.651295972278159566e-02,7.823660161841826041e-03,1.589508104958783571e-02,8.912884519745157760e-03,1.651295972278159566e-02,8.912884519745157760e-03,1.649963136826353496e-02
7.920164219908055678e-03,7.527839701719503396e-03,1.585641346012979860e-02,7.527839701719503396e-03,1.534269409753058304e-02,8.426019388302971244e-03,1.585641346012979860e-02,8.426019388302971244e-03,1.586424403666346350e-02
6.122957795616390531e-03,5.760562218766706460e-03,1.207391714195505360e-02,5.760562218766706460e-03,1.178765037822738712e-02,6.251106912671634645e-03,1.207391714195505360e-02,6.251106912671634645e-03,1.210078765179293560e-02
3.864347429844471830e-03,3.598832626719494603e-03,7.474739629659785459e-03,3.598832626719494603e-03,7.397525007383272226e-03,3.729121905936378170e-03,7.474739629659785459e-03,3.729121905936378170e-03,7.509244720293834982e-03
2.753982328887121835e-03,2.588826023232856845e-03,5.356046129586835777e-03,2.588826023232856845e-03,5.316509962357114649e-03,2.700019133560545553e-03,5.356046129586835777e-03,2.700019133560545553e-03,5.387731710238546565e-03
4.216569899984700352e-03,4.063659755664436254e-03,8.534367881990311683e-03,4.063659755664436254e-03,8.286483400411701061e-03,4.653876342659491426e-03,8.534367881990311683e-03,4.653876342659491426e-03,8.567637115891885841e-03
8.793722722310505155e-03,8.488404699888773414e-03,1.795987406574120135e-02,8.488404699888773414e-03,1.730036076163379496e-02,9.991211479734330228e-03,1.795987406574120135e-02,9.991211479734330228e-03,1.802025502994214143e-02
1.584781606611863555e-02,1.520942609670671887e-02,3.221150406955763240e-02,1.520942609670671887e-02,3.106053696200478109e-02,1.782238577166978324e-02,3.221150406955763240e-02,1.782238577166978324e-02,3.233622985281518064e-02
2.383141055066311312e-02,2.273849707695982728e-02,4.812306022996878235e-02,2.273849707695982728e-02,4.653372176334407556e-02,2.637630453823302731e-02,4.812306022996878235e-02,2.637630453823302731e-02,4.834109948376522081e-02
3.089620198994028413e-02,2.933599127259777992e-02,6.202123101600936356e-02,2.933599127259777992e-02,6.014057780826873034e-02,3.368434502209260994e-02,6.202123101600936356e-02,3.368434502209260994e-02,6.233647822916866393e-02
3.546742702969878785e-02,3.354159707225606163e-02,7.083604511949205540e-02,3.354159707225606163e-02,6.885696961776310854e-02,3.814891617963877407e-02,7.083604511949205540e-02,3.814891617963877407e-02,7.122269472755111963e-02
3.658261761828937586e-02,3.447863576203440139e-02,7.273062403389043973e-02,3.447863576203440139e-02,7.085408711833872386e-02,3.884569017164870436e-02,7.273062403389043973e-02,3.884569017164870436e-02,7.313995597173506003e-02
3.403022480072118161e-02,3.197622478494650117e-02,6.735190930142045951e-02,3.197622478494650117e-02,6.575797484252225711e-02,3.563847062291873591e-02,6.735190930142045951e-02,3.563847062291873591e-02,6.772519870157091282e-02
2.843103506291172478e-02,2.664542651540682122e-02,5.598960629254822602e-02,2.664542651540682122e-02,5.480716053887855349e-02,2.926244272854599746e-02,5.598960629254822602e-02,2.926244272854599746e-02,5.627323300005976359e-02
2.139985580246134972e-02,2.003575671341051648e-02,4.190724896742017980e-02,2.003575671341051648e-02,4.117159112867387755e-02,2.150993684587359719e-02,4.190724896742017980e-02,2.150993684587359719e-02,4.206963826891355757e-02
1.589144252397062945e-02,1.496804198907276430e-02,3.104536086473161025e-02,1.496804198907276430e-02,3.063239480839619402e-02,1.562025420767355205e-02,3.104536086473161025e-02,1.562025420767355205e-02,3.109797791769364564e-02
1.682568165748735134e-02,1.613208218844459918e-02,3.328258658982308910e-02,1.613208218844459918e-02,3.280576388789660514e-02,1.697146496645500144e-02,3.328258658982308910e-02,1.697146496645500144e-02,3.330942216270556949e-02
3.211191032583863431e-02,3.106317594573733062e-02,6.449490153937194326e-02,3.106317594573733062e-02,6.314490801398110753e-02,3.420424420888818623e-02,6.449490153937194326e-02,3.420424420888818623e-02,6.469663193731270412e-02
7.425100713478721692e-02,7.166762422814342004e-02,1.497716786153293345e-01,7.166762422814342004e-02,1.460689426159782478e-01,8.097333540128351381e-02,1.497716786153293345e-01,8.097333540128351381e-02,1.505332700611792529e-01
1.627897667980228447e-01,1.565583592330568596e-01,3.283396096274979192e-01,1.565583592330568596e-01,3.197545586277788510e-01,1.786270406998637927e-01,3.283396096274979192e-01,1.786270406998637927e-01,3.303342353947397170e-01
3.280460573971723526e-01,3.145991484983525766e-01,6.610342625783607318e-01,3.145991484983525766e-01,6.434076796585764813e-01,3.602715794901369395e-01,6.610342625783607318e-01,3.602715794901369395e-01,6.653824715066102291e-01
6.167363966654474394e-01,5.902586907532124672e-01,1.241587329124481220e+00,5.902586907532124672e-01,1.208248418629865872e+00,6.769110213890953132e-01,1.241587329124481220e+00,6.769110213890953132e-01,1.250099541281905591e+00
