3.220446300411319133e-06,3.126326514486703302e-06,7.362048325595468241e-06,3.126326514486703302e-06,6.270889174198139933e-06,5.075601646680343205e-06,7.362048325595468241e-06,5.075601646680343205e-06,7.310148984658936922e-06
3.137414146702564793e-06,3.047164547724532985e-06,7.181118332194149013e-06,3.047164547724532985e-06,6.110621263332273386e-06,4.959340736884422319e-06,7.181118332194149013e-06,4.959340736884422319e-06,7.129680423851806329e-06
3.037535404315613189e-06,2.951908861847225136e-06,6.963291580929232676e-06,2.951908861847225136e-06,5.917804930170618060e-06,4.819187798402117406e-06,6.963291580929232676e-06,4.819187798402117406e-06,6.912428549732300848e-06
2.917873814321584668e-06,2.837737465203279663e-06,6.702038423974662702e-06,2.837737465203279663e-06,5.686750787334178863e-06,4.650818436540518798e-06,6.702038423974662702e-06,4.650818436540518798e-06,6.651893880233259780e-06
2.775234418914879269e-06,2.701569595075829808e-06,6.390195009700837847e-06,2.701569595075829808e-06,5.411258377666265388e-06,4.449431781247733527e-06,6.390195009700837847e-06,4.449431781247733527e-06,6.340951598735505719e-06
2.606292790826233030e-06,2.540183147021952348e-06,6.020211343119716819e-06,2.540183147021952348e-06,5.084860023052319263e-06,4.209877089156565918e-06,6.020211343119716819e-06,4.209877089156565918e-06,5.972102433046180871e-06
2.407837647253653262e-06,2.350437753347702813e-06,5.584632239828963639e-06,2.350437753347702813e-06,4.701281154579624883e-06,3.926916149176167257e-06,5.584632239828963639e-06,3.926916149176167257e-06,5.537957295628805868e-06
2.177187287036266809e-06,2.129660302901146398e-06,5.076938108577382765e-06,2.129660302901146398e-06,4.255232977757185641e-06,3.595698413925332889e-06,5.076938108577382765e-06,3.595698413925332889e-06,5.032082789385182937e-06
1.912865583651066495e-06,1.876273709968926031e-06,4.492927104310941416e-06,1.876273709968926031e-06,3.743702050472484154e-06,3.212560390325120521e-06,4.492927104310941416e-06,3.212560390325120521e-06,4.450389207368267173e-06
1.615655444886972873e-06,1.590780520863447111e-06,3.832890996090610634e-06,1.590780520863447111e-06,3.167963557334778164e-06,2.776307015080502999e-06,3.832890996090610634e-06,2.776307015080502999e-06,3.793313211413338445e-06
1.290185154487069235e-06,1.277249274904594599e-06,3.104922319812066878e-06,1.277249274904594599e-06,2.536618002432862917e-06,2.290190984920604553e-06,3.104922319812066878e-06,2.290190984920604553e-06,3.069132033827374607e-06
9.472395021876136128e-07,9.454879016072392307e-07,2.329779342078707085e-06,9.454879016072392307e-07,1.870022992428017037e-06,1.764872497313813960e-06,2.329779342078707085e-06,1.764872497313813960e-06,2.298833823441900367e-06
6.070066934385290757e-07,6.141101595995647334e-07,1.547797933969122419e-06,6.141101595995647334e-07,1.206532020888605867e-06,1.222702747089784297e-06,1.547797933969122419e-06,1.222702747089784297e-06,1.523029045263526644e-06
3.034376109265925634e-07,3.146754192576046511e-07,8.283065245977976589e-07,3.146754192576046511e-07,6.108925955331123490e-07,7.036947692779693315e-07,8.283065245977976589e-07,7.036947692779693315e-07,8.113507286522379908e-07
8.973392607458198978e-08,9.694272586473190412e-08,2.817296059344690535e-07,9.694272586473190412e-08,1.848598869087835143e-07,2.734480836267243210e-07,2.817296059344690535e-07,2.734480836267243210e-07,2.745134191793009425e-07
4.456268172574972833e-08,3.490363794333539155e-08,7.378718213189064923e-08,3.490363794333539155e-08,7.929575733990425273e-08,3.292597614390011010e-08,7.378718213189064923e-08,3.292597614390011010e-08,7.841092105431967146e-08
2.776928467029295027e-07,2.324343696465931523e-07,4.394435750144826960e-07,2.324343696465931523e-07,5.053168252662036071e-07,1.290653043950258742e-07,4.394435750144826960e-07,1.290653043950258742e-07,4.578619470696602215e-07
9.320341324901387604e-07,8.258215682344393333e-07,1.690808925607792358e-06,8.258215682344393333e-07,1.738792391003812296e-06,7.632644916432768481e-07,1.690808925607792358e-06,7.632644916432768481e-07,1.724142559202670682e-06
2.176170228726390485e-06,1.977709810533582838e-06,4.207181308814324443e-06,1.977709810533582838e-06,4.106965080181733654e-06,2.191204695708925990e-06,4.207181308814324443e-06,2.191204695708925990e-06,4.254416831847924920e-06
4.177384181867580399e-06,3.853106875185504514e-06,8.386454240204128276e-06,3.853106875185504514e-06,7.938057887733026213e-06,4.701665461760060649e-06,8.386454240204128276e-06,4.701665461760060649e-06,8.442243726300173912e-06
7.041193724058154023e-06,6.564086394302164557e-06,1.452729356985545381e-05,6.564086394302164557e-06,1.344685752337713393e-05,8.554577058561564008e-06,1.452729356985545381e-05,8.554577058561564008e-06,1.457866614987363888e-05
1.070441307154592463e-05,1.007011250375820850e-05,2.260986401052212448e-05,1.007011250375820850e-05,2.053055133679917735e-05,1.385382561541927335e-05,2.260986401052212448e-05,1.385382561541927335e-05,2.263217062811145227e-05
1.478609460263139306e-05,1.403594898183339430e-05,3.197217394330640515e-05,1.403594898183339430e-05,2.848111893053203897e-05,2.034090683211344115e-05,3.197217394330640515e-05,2.034090683211344115e-05,3.192591039899889431e-05
1.845142419416564698e-05,1.769514549761154717e-05,4.097633344864977037e-05,1.769514549761154717e-05,3.571621679097976179e-05,2.714505022443636703e-05,4.097633344864977037e-05,2.714505022443636703e-05,4.080893913643081914e-05
2.043261114377996162e-05,1.985032295025767669e-05,4.694338770378898254e-05,1.985032295025767669e-05,3.980062606936495532e-05,3.263444806538020156e-05,4.694338770378898254e-05,3.263444806538020156e-05,4.660300900324185815e-05
1.942183357310184961e-05,1.921307253619275443e-05,4.681050399004343883e-05,1.921307253619275443e-05,3.817105989793571647e-05,3.464472543705848290e-05,4.681050399004343883e-05,3.464472543705848290e-05,4.627877023095632606e-05
1.494514722047369983e-05,1.520077993949788213e-05,3.881852218913788444e-05,1.520077993949788213e-05,2.978730267790877625e-05,3.134861504646329543e-05,3.881852218913788444e-05,3.134861504646329543e-05,3.816039515786792826e-05
8.394119918239004177e-06,8.921060354950049927e-06,2.473757221984171467e-05,8.921060354950049927e-06,1.712315571482633643e-05,2.265273523822323564e-05,2.473757221984171467e-05,2.265273523822323564e-05,2.414432215907005538e-05
3.332007736000970418e-06,3.552342683630592520e-06,1.099268824386905711e-05,3.552342683630592520e-06,6.841685856793855806e-06,1.134678487177084848e-05,1.099268824386905711e-05,1.134678487177084848e-05,1.076825927194453496e-05
4.149736647627538660e-06,3.252978476778253746e-06,6.783727415233794623e-06,3.252978476778253746e-06,7.384577417537474719e-06,2.899028023665096426e-06,6.783727415233794623e-06,2.899028023665096426e-06,7.221814020316162324e-06
1.306370279379402333e-05,1.051040880678879791e-05,1.880577017742973638e-05,1.051040880678879791e-05,2.338382701099799962e-05,3.312823463938579372e-06,1.880577017742973638e-05,3.312823463938579372e-06,1.995491054991147033e-05
2.696860819748091016e-05,2.316905156718134635e-05,4.482988509626572964e-05,2.316905156718134635e-05,4.962101812423685737e-05,1.553758747960963768e-05,4.482988509626572964e-05,1.553758747960963768e-05,4.626051319065746455e-05
3.707128638143303788e-05,3.365322021566455590e-05,7.096648385956764483e-05,3.365322021566455590e-05,6.991761613646755842e-05,3.602741976322773647e-05,7.096648385956764483e-05,3.602741976322773647e-05,7.180566991782595979e-05
3.446692030164872234e-05,3.333119306190746072e-05,7.855651784241914418e-05,3.333119306190746072e-05,6.698794765196457786e-05,5.414473098543316949e-05,7.855651784241914418e-05,5.414473098543316949e-05,7.808431904327832083e-05
2.128666149341501546e-05,2.235844546248953597e-05,6.248583677774240206e-05,2.235844546248953597e-05,4.319413976277749616e-05,5.758347977386064854e-05,6.248583677774240206e-05,5.758347977386064854e-05,6.117079460851815678e-05
1.783849350562229395e-05,1.739595467085882711e-05,4.850335481065841972e-05,1.739595467085882711e-05,3.517134633047864475e-05,4.389936963688584543e-05,4.850335481065841972e-05,4.389936963688584543e-05,4.845066630548525860e-05
4.950177081841051699e-05,4.217195888701097845e-05,8.156685606354935119e-05,4.217195888701097845e-05,9.140638581912127888e-05,2.908645606933554859e-05,8.156685606354935119e-05,2.908645606933554859e-05,8.508690446886039472e-05
1.130856594226396132e-04,9.740647428620489642e-05,1.732054369705118098e-04,9.740647428620489642e-05,2.091707836346207129e-04,3.703941607089114883e-05,1.732054369705118098e-04,3.703941607089114883e-05,1.801473863273355140e-04
1.595390578789685095e-04,1.412240693916282824e-04,2.574966183679232344e-04,1.412240693916282824e-04,2.982456381538766809e-04,6.939516697153362719e-05,2.574966183679232344e-04,6.939516697153362719e-05,2.645353432623548341e-04
1.348776083848875153e-04,1.225389533113038646e-04,2.381086961005205729e-04,1.225389533113038646e-04,2.548039451350692271e-04,9.184930702347922555e-05,2.381086961005205729e-04,9.184930702347922555e-05,2.417331193640290753e-04
5.640717121252393929e-05,5.310594947678799852e-05,1.197417685487743761e-04,5.310594947678799852e-05,1.082359628410107746e-04,7.418485229435070225e-05,1.197417685487743761e-04,7.418485229435070225e-05,1.198612104227188101e-04
3.590159346187750091e-05,3.507531967752796449e-05,7.920544172169024274e-05,3.507531967752796449e-05,7.092731137262730113e-05,5.158381943436537764e-05,7.920544172169024274e-05,5.158381943436537764e-05,7.912516518745214887e-05
1.925191700448972620e-04,1.823166766010008604e-04,3.392481509221927679e-04,1.823166766010008604e-04,3.734937104782415297e-04,1.178998716371811240e-04,3.392481509221927679e-04,1.178998716371811240e-04,3.421768202644774061e-04
5.116857026084053800e-04,4.842895850607688182e-04,9.069727372279827926e-04,4.842895850607688182e-04,9.900384150060077999e-04,3.209910166864750271e-04,9.069727372279827926e-04,3.209910166864750271e-04,9.130195562355045364e-04
7.936553652002558768e-04,7.525377427083784765e-04,1.441471250330450321e-03,7.525377427083784765e-04,1.534867413101765558e-03,5.605747839037008391e-04,1.441471250330450321e-03,5.605747839037008391e-04,1.448019795161667022e-03
7.930349093672612584e-04,7.521557170181189349e-04,1.478724668973607033e-03,7.521557170181189349e-04,1.532057118710414842e-03,6.330018646809471841e-04,1.478724668973607033e-03,6.330018646809471841e-04,1.483261270848910615e-03
4.710054230600238968e-04,4.451357351591330455e-04,9.081130849754227461e-04,4.451357351591330455e-04,9.069803900464255440e-04,4.363979601107123856e-04,9.081130849754227461e-04,4.363979601107123856e-04,9.102515936516595652e-04
1.215295863932205558e-04,1.140305477431915467e-04,2.530369944138439607e-04,1.140305477431915467e-04,2.330723176903139366e-04,1.510948683964690191e-04,2.530369944138439607e-04,1.510948683964690191e-04,2.536418555099210223e-04
1.918222726146023003e-04,1.896482410847848371e-04,3.725592175249778566e-04,1.896482410847848371e-04,3.813815334673071396e-04,1.702375249331656779e-04,3.725592175249778566e-04,1.702375249331656779e-04,3.712177409680554878e-04
8.920868218283350363e-04,8.729771905696521138e-04,1.713704741322914001e-03,8.729771905696521138e-04,1.757833693252524058e-03,7.642992070188150359e-04,1.713704741322914001e-03,7.642992070188150359e-04,1.708036916451759766e-03
1.930998604638003036e-03,1.878162329449165708e-03,3.750800456056476318e-03,1.878162329449165708e-03,3.786948958324497932e-03,1.751106516237512910e-03,3.750800456056476318e-03,1.751106516237512910e-03,3.739442991541788719e-03
2.656812127041698491e-03,2.570990458886025093e-03,5.206788055042665259e-03,2.570990458886025093e-03,5.191401596558946341e-03,2.519595049295814300e-03,5.206788055042665259e-03,2.519595049295814300e-03,5.193124753481815487e-03
2.540627228162865934e-03,2.442091313366853700e-03,5.001473641844336564e-03,2.442091313366853700e-03,4.942591011438904162e-03,2.480306016575292618e-03,5.001473641844336564e-03,2.480306016575292618e-03,4.992765043136952914e-03
1.632844743529506242e-03,1.551493000265011897e-03,3.205754844900572144e-03,1.551493000265011897e-03,3.154303917180896998e-03,1.608526730521568030e-03,3.205754844900572144e-03,1.608526730521568030e-03,3.206646357164917062e-03
6.301141303757879430e-04,5.864018269441115608e-04,1.218755618088290370e-03,5.864018269441115608e-04,1.204145572679736530e-03,6.089843875378898224e-04,1.218755618088290370e-03,6.089843875378898224e-04,1.225269242187954121e-03
4.659685980984126286e-04,4.513247915018103458e-04,9.407970953521257703e-04,4.513247915018103458e-04,9.175658269004122528e-04,5.034623282498838564e-04,9.407970953521257703e-04,5.034623282498838564e-04,9.419972860911960625e-04
1.679289425551043231e-03,1.650544531412993570e-03,3.463274150779097234e-03,1.650544531412993570e-03,3.326616879329384168e-03,1.901516837370617738e-03,3.463274150779097234e-03,1.901516837370617738e-03,3.450284308809594292e-03
4.001406757729582091e-03,3.899121894101327448e-03,8.211767029678017013e-03,3.899121894101327448e-03,7.875165710386057213e-03,4.496416451199383019e-03,8.211767029678017013e-03,4.496416451199383019e-03,8.185931008215035012e-03
6.459611315857976578e-03,6.242300198498407053e-03,1.317079206195132489e-02,6.242300198498407053e-03,1.264352656332286447e-02,7.172176566155081742e-03,1.317079206195132489e-02,7.172176566155081742e-03,1.314383695357012292e-02
7.914115676556938289e-03,7.586294293027368366e-03,1.600891687688392115e-02,7.586294293027368366e-03,1.541202863074403115e-02,8.637309827733929274e-03,1.600891687688392115e-02,8.637309827733929274e-03,1.599566909971444559e-02
7.683015477346468412e-03,7.299454951122882201e-03,1.537495439913949373e-02,7.299454951122882201e-03,1.488031714458585772e-02,8.166546447103137721e-03,1.537495439913949373e-02,8.166546447103137721e-03,1.538418697001050876e-02
5.942694349616052356e-03,5.585780255642854367e-03,1.170869088128345149e-02,5.585780255642854367e-03,1.143544098750206954e-02,6.058219393655502397e-03,1.170869088128345149e-02,6.058219393655502397e-03,1.173756140034201180e-02
3.751894534278658617e-03,3.489597980828857034e-03,7.248299947779244558e-03,3.489597980828857034e-03,7.177754720443441615e-03,3.612040549821032408e-03,7.248299947779244558e-03,3.612040549821032408e-03,7.284234138759239884e-03
2.671179920056062675e-03,2.510179983889848036e-03,5.190848226982892194e-03,2.510179983889848036e-03,5.155818238612848610e-03,2.612250292081830499e-03,5.190848226982892194e-03,2.612250292081830499e-03,5.222067993790568442e-03
4.083169948848358599e-03,3.940209775513323770e-03,8.268348509742180774e-03,3.940209775513323770e-03,8.029461709439118453e-03,4.504414959430461281e-03,8.268348509742180774e-03,4.504414959430461281e-03,8.298039808463174988e-03
8.515068062093907042e-03,8.230662346847935490e-03,1.740361093942273049e-02,8.230662346847935490e-03,1.676349435167050900e-02,9.677772634228721041e-03,1.740361093942273049e-02,9.677772634228721041e-03,1.745644002927745561e-02
1.535053438963979860e-02,1.474773782790553267e-02,3.121994921883592192e-02,1.474773782790553267e-02,3.010160386145074862e-02,1.727023713094387805e-02,3.121994921883592192e-02,1.727023713094387805e-02,3.133289352750377038e-02
2.309011729785528239e-02,2.204835843300532311e-02,4.664775312392059614e-02,2.204835843300532311e-02,4.510355208304555469e-02,2.556446475510184765e-02,4.664775312392059614e-02,2.556446475510184765e-02,4.685029580567711543e-02
2.994155285794955490e-02,2.844566949145180615e-02,6.012491840437975132e-02,2.844566949145180615e-02,5.829854975409137080e-02,3.265113787807669837e-02,6.012491840437975132e-02,3.265113787807669837e-02,6.042221788149435002e-02
3.437706838922014591e-02,3.252365407740811371e-02,6.867392799755034360e-02,3.252365407740811371e-02,6.675341936074483118e-02,3.698057743526326352e-02,6.867392799755034360e-02,3.698057743526326352e-02,6.904196077875572601e-02
3.546233637432138347e-02,3.343222255439932955e-02,7.051286143414657592e-02,3.343222255439932955e-02,6.869377545509554317e-02,3.765604174228889128e-02,7.051286143414657592e-02,3.765604174228889128e-02,7.090486400584611326e-02
3.299116124049825821e-02,3.100568651420284455e-02,6.529876405546151952e-02,3.100568651420284455e-02,6.375596300098794467e-02,3.454530203239847969e-02,6.529876405546151952e-02,3.454530203239847969e-02,6.565773734403065887e-02
2.756455942161065154e-02,2.583656207325102719e-02,5.428184383709381416e-02,2.583656207325102719e-02,5.314000133123680802e-02,2.836145287579899810e-02,5.428184383709381416e-02,2.836145287579899810e-02,5.455527447223013776e-02
2.074734823997894523e-02,1.942737470668192898e-02,4.062649182770158851e-02,1.942737470668192898e-02,3.991869794042868236e-02,2.084314071293459636e-02,4.062649182770158851e-02,2.084314071293459636e-02,4.078273077645215572e-02
1.540352226183630720e-02,1.451341261977022977e-02,3.009313158296626073e-02,1.451341261977022977e-02,2.969672769001659163e-02,1.513267183606997746e-02,3.009313158296626073e-02,1.513267183606997746e-02,3.014167726623560514e-02
1.630220260278750569e-02,1.564228637032861330e-02,3.226121418824252213e-02,1.564228637032861330e-02,3.179715055659863843e-02,1.644727619419479245e-02,3.226121418824252213e-02,1.644727619419479245e-02,3.228107984875253078e-02
3.111051630283403341e-02,3.012070225821157285e-02,6.252571108081721174e-02,3.012070225821157285e-02,6.120214250284743834e-02,3.316897455328439437e-02,6.252571108081721174e-02,3.316897455328439437e-02,6.270790005201481998e-02
7.194682931877015297e-02,6.949397580290210541e-02,1.452162818367735420e-01,6.949397580290210541e-02,1.415870022926724037e-01,7.854391097347381001e-02,1.452162818367735420e-01,7.854391097347381001e-02,1.459287189609287105e-01
1.577600236695162750e-01,1.518104125053927056e-01,3.183715645623340640e-01,1.518104125053927056e-01,3.099654330225105059e-01,1.732814651178697374e-01,3.183715645623340640e-01,1.732814651178697374e-01,3.202591092233333936e-01
3.179403875925688183e-01,3.050586732161685299e-01,6.409850845961516663e-01,3.050586732161685299e-01,6.237400357131646089e-01,3.494972206534278647e-01,6.409850845961516663e-01,3.494972206534278647e-01,6.451221387766168380e-01
5.977759731875329496e-01,5.723583775980026767e-01,1.203949821012120669e+00,5.723583775980026767e-01,1.171352472899388930e+00,6.566687173002324629e-01,1.203949821012120669e+00,6.566687173002324629e-01,1.212074008036719386e+00
