2.437608121574211882e-13,1.082352122104252057e-12,1.752123576383318871e-12,1.082352122104252057e-12,1.325731871963823988e-12,1.110343916565603746e-12,1.752123576383318871e-12,1.110343916565603746e-12,1.337342700653298582e-12
2.065547518663355254e-13,9.171096587361043772e-13,1.484631819569967365e-12,9.171096587361043772e-13,1.123341618101597698e-12,9.408283042465095597e-13,1.484631819569967365e-12,9.408283042465095597e-13,1.133179920635493358e-12
1.683697464579539516e-13,7.474835807697690560e-13,1.210049950990081324e-12,7.474835807697690560e-13,9.155903527325086974e-13,7.668197074673055155e-13,1.210049950990081324e-12,7.668197074673055155e-13,9.236111155012792231e-13
1.301005333928803419e-13,5.775633613926000774e-13,9.349822851069992320e-13,5.775633613926000774e-13,7.074608383713396328e-13,5.925080113256416580e-13,9.349822851069992320e-13,5.925080113256416580e-13,7.136602572166441089e-13
9.305049945214497765e-14,4.130325667523653099e-13,6.686405764273586061e-13,4.130325667523653099e-13,5.059380228577798613e-13,4.237226867206287733e-13,6.686405764273586061e-13,4.237226867206287733e-13,5.103727329534973254e-13
5.895268943148701620e-14,2.615577920010375522e-13,4.234418666068976453e-13,2.615577920010375522e-13,3.204188350428067742e-13,2.683347503579292847e-13,4.234418666068976453e-13,2.683347503579292847e-13,3.232307766526362022e-13
3.003585442427840520e-14,1.331946008912879590e-13,2.156441397604560271e-13,1.331946008912879590e-13,1.631840271890666144e-13,1.366555465379090314e-13,2.156441397604560271e-13,1.366555465379090314e-13,1.646208817994634947e-13
9.215791585493772024e-15,4.080923616456881451e-14,6.608301171130190747e-14,4.080923616456881451e-14,5.001108018815813214e-14,4.188112518717002293e-14,6.608301171130190747e-14,4.188112518717002293e-14,5.045709900486029076e-14
1.134156944875995287e-16,4.520602392945674953e-16,7.468903292996634224e-16,4.520602392945674953e-16,5.655856350740367488e-16,4.825755182463777505e-16,7.468903292996634224e-16,4.825755182463777505e-16,5.799738520950982391e-16
7.103795918609587618e-15,3.161893428696379708e-14,5.118714342662125107e-14,3.161893428696379708e-14,3.871153604647125422e-14,3.245812983212489976e-14,5.118714342662125107e-14,3.245812983212489976e-14,3.906169208048184050e-14
3.536968569991874875e-14,1.572820186623131918e-13,2.545946404284954116e-13,1.572820186623131918e-13,1.925956784759380760e-13,1.613714768821378986e-13,2.545946404284954116e-13,1.613714768821378986e-13,1.942941035602571663e-13
9.077503907142140521e-14,4.034902499475410004e-13,6.531363951568229033e-13,4.034902499475410004e-13,4.941215999882339147e-13,4.139452935457929949e-13,6.531363951568229033e-13,4.139452935457929949e-13,4.984601606036880130e-13
1.796389658578061197e-13,7.983042663576576377e-13,1.292239933172165508e-12,7.983042663576576377e-13,9.776590186128820255e-13,8.189717336172343857e-13,1.292239933172165508e-12,8.189717336172343857e-13,9.862333463930125427e-13
3.082670747857343072e-13,1.369719743763582642e-12,2.217221552960259090e-12,1.369719743763582642e-12,1.677499142360712782e-12,1.405163051764942092e-12,2.217221552960259090e-12,1.405163051764942092e-12,1.692201248642940244e-12
4.821729695221822415e-13,2.142116436053061309e-12,3.467559278191230698e-12,2.142116436053061309e-12,2.623526491334795004e-12,2.197530197642436241e-12,3.467559278191230698e-12,2.197530197642436241e-12,2.646509939826092228e-12
7.048083845703103270e-13,3.130745948391646908e-12,5.067953935489103211e-12,3.130745948391646908e-12,3.834438724684024718e-12,3.211725070711593259e-12,5.067953935489103211e-12,3.211725070711593259e-12,3.868023218014780174e-12
9.757783193774939894e-13,4.333736381985943763e-12,7.015383513767728555e-12,4.333736381985943763e-12,5.307969278948228823e-12,4.445817247931710569e-12,7.015383513767728555e-12,4.445817247931710569e-12,5.354448857680757923e-12
1.288404495202376091e-12,5.721220106905373010e-12,9.261527123232708401e-12,5.721220106905373010e-12,7.007582492969209296e-12,5.869176774839608139e-12,9.261527123232708401e-12,5.869176774839608139e-12,7.068935280963980765e-12
1.626675428508254202e-12,7.221798922248470904e-12,1.169083548283982933e-11,7.221798922248470904e-12,8.845893695542570964e-12,7.408552421421392667e-12,1.169083548283982933e-11,7.408552421421392667e-12,8.923328131118673806e-12
1.961832161189241815e-12,8.707513759998136169e-12,1.409619957782396009e-11,8.707513759998136169e-12,1.066623014259884546e-11,8.932681921075627135e-12,1.409619957782396009e-11,8.932681921075627135e-12,1.075958479099652963e-11
2.249444048487095213e-12,9.980819759948816805e-12,1.615786144965251670e-11,9.980819759948816805e-12,1.222668673745531933e-11,1.023891220612116612e-11,1.615786144965251670e-11,1.023891220612116612e-11,1.233368174994303461e-11
2.428495277839975293e-12,1.077077658366394014e-11,1.743722226126613287e-11,1.077077658366394014e-11,1.319540456323303379e-11,1.104929719165993348e-11,1.743722226126613287e-11,1.104929719165993348e-11,1.331085586389567475e-11
2.425612881495331802e-12,1.075211608797028671e-11,1.740767512995800024e-11,1.075211608797028671e-11,1.317386019303831093e-11,1.103015653561199736e-11,1.740767512995800024e-11,1.103015653561199736e-11,1.328909786651036464e-11
2.169693510735767768e-12,9.610641600258327583e-12,1.556042461193334562e-11,9.610641600258327583e-12,1.177686870719275925e-11,9.859169121862873688e-12,1.556042461193334562e-11,9.859169121862873688e-12,1.187985884737636361e-11
1.625416225199240260e-12,7.192357201338052145e-12,1.164586277337207160e-11,7.192357201338052145e-12,8.815172272823339640e-12,7.378359772300441492e-12,1.164586277337207160e-11,7.378359772300441492e-12,8.892238311985245180e-12
8.581565882866915753e-13,3.791066191456690972e-12,6.139199792181458375e-12,3.791066191456690972e-12,4.647847908288036951e-12,3.889118263966467734e-12,6.139199792181458375e-12,3.889118263966467734e-12,4.688464448635039848e-12
1.469572083888682483e-13,6.461881122982005624e-13,1.046773684645688189e-12,6.461881122982005624e-13,7.929109093197252316e-13,6.629108055579686134e-13,1.046773684645688189e-12,6.629108055579686134e-13,7.998356558453801094e-13
1.640399688510020475e-13,7.281576859974530514e-13,1.178787742764074400e-12,7.281576859974530514e-13,8.919304327948547740e-13,7.470096816128313681e-13,1.178787742764074400e-12,7.470096816128313681e-13,8.997409844026317138e-13
2.233967422887410755e-12,9.858870005689387810e-12,1.596652453166450725e-11,9.858870005689387810e-12,1.208920462875162523e-11,1.011394155899992227e-11,1.596652453166450725e-11,1.011394155899992227e-11,1.219480402612615834e-11
8.662254789088365004e-12,3.810342309560974354e-11,6.172295681309131776e-11,3.810342309560974354e-11,4.675156053010577421e-11,3.908933320666433614e-11,6.172295681309131776e-11,3.908933320666433614e-11,4.715954376242211876e-11
2.306531624871687805e-11,1.011023920950430423e-10,1.638145034924737094e-10,1.011023920950430423e-10,1.241300047500763073e-10,1.037188496500428242e-10,1.638145034924737094e-10,1.037188496500428242e-10,1.252122061035587154e-10
5.051723657687737260e-11,2.204935711094705614e-10,3.573698348276688790e-10,2.204935711094705614e-10,2.709279570607790521e-10,2.262012217508350783e-10,3.573698348276688790e-10,2.262012217508350783e-10,2.732873851957232146e-10
9.713129423049783476e-11,4.217274627108048783e-10,6.837805806832288409e-10,4.217274627108048783e-10,5.186989165623639584e-10,4.326477747688991414e-10,6.837805806832288409e-10,4.326477747688991414e-10,5.232101389592130211e-10
1.684266841402455831e-10,7.265171494155373515e-10,1.178512911115920655e-09,7.265171494155373515e-10,8.946657530788223463e-10,7.453375627004192256e-10,1.178512911115920655e-09,7.453375627004192256e-10,9.024343585966337443e-10
2.656128261230335427e-10,1.136505637641348098e-09,1.844649246372074552e-09,1.136505637641348098e-09,1.401678598396250060e-09,1.165962093344564991e-09,1.844649246372074552e-09,1.165962093344564991e-09,1.413826010681431675e-09
3.791371447426113224e-10,1.606231335966967928e-09,2.608941358653456822e-09,1.606231335966967928e-09,1.984739026942254420e-09,1.647889142308436384e-09,2.608941358653456822e-09,1.647889142308436384e-09,2.001898868836886881e-09
4.803645715599726511e-10,2.010734742480231341e-09,3.268855519450285667e-09,2.010734742480231341e-09,2.490300367283593635e-09,2.062924430813885165e-09,3.268855519450285667e-09,2.062924430813885165e-09,2.511770235378936624e-09
5.166564265061803490e-10,2.131767278343346092e-09,3.469333191389134443e-09,2.131767278343346092e-09,2.647563694226861501e-09,2.187150938343097976e-09,3.469333191389134443e-09,2.187150938343097976e-09,2.670312558424025185e-09
4.243866923188851032e-10,1.721748017817136584e-09,2.805626190248911203e-09,1.721748017817136584e-09,2.145428564950222154e-09,1.766529785982408988e-09,2.805626190248911203e-09,1.766529785982408988e-09,2.163790256535950350e-09
1.893536496025114860e-10,7.534336894974420248e-10,1.229571224338438216e-09,7.534336894974420248e-10,9.424728381335074682e-10,7.730561473913482430e-10,1.229571224338438216e-09,7.730561473913482430e-10,9.505024998826856745e-10
5.643485911895470714e-17,2.089260610687374335e-16,3.631129560273804528e-16,2.089260610687374335e-16,2.662797565913591001e-16,2.431848429331316779e-16,3.631129560273804528e-16,2.431848429331316779e-16,2.834747815352890578e-16
5.393292155743591198e-10,2.050954652362537089e-09,3.359091201194279438e-09,2.050954652362537089e-09,2.589394738527481519e-09,2.104534413857581157e-09,3.359091201194279438e-09,2.104534413857581157e-09,2.611218565062405527e-09
3.414154412847210926e-09,1.265644028049590903e-08,2.077223638867303693e-08,1.265644028049590903e-08,1.606499898881289004e-08,1.298769862280836233e-08,2.077223638867303693e-08,1.298769862280836233e-08,1.619957872459252878e-08
1.158869191119519953e-08,4.183118905248904672e-08,6.880828320054020923e-08,4.183118905248904672e-08,5.340101473122349320e-08,4.292823681239378778e-08,6.880828320054020923e-08,4.292823681239378778e-08,5.384551415518225446e-08
2.947257624513190316e-08,1.035112649244916860e-07,1.706671394800275243e-07,1.035112649244916860e-07,1.329362096960303030e-07,1.062316962298245400e-07,1.706671394800275243e-07,1.062316962298245400e-07,1.340354215180236857e-07
6.210671267137016159e-08,2.121055090160719729e-07,3.505783369410623979e-07,2.121055090160719729e-07,2.741126114350165929e-07,2.176924258001982667e-07,3.505783369410623979e-07,2.176924258001982667e-07,2.763636565534277648e-07
1.129146146350022619e-07,3.747049056648417111e-07,6.209404788024860423e-07,3.747049056648417111e-07,4.874398286119817683e-07,3.845975952337727295e-07,6.209404788024860423e-07,3.845975952337727295e-07,4.914140804592325787e-07
1.800061716648696071e-07,5.797371891207142081e-07,9.633800907291134113e-07,5.797371891207142081e-07,7.594591984501233683e-07,5.950792678058439521e-07,9.633800907291134113e-07,5.950792678058439521e-07,7.656037130640288572e-07
2.521379418357709315e-07,7.865794956118033887e-07,1.311079758004800010e-06,7.865794956118033887e-07,1.038322824146944410e-06,8.074452924563097401e-07,1.311079758004800010e-06,8.074452924563097401e-07,1.046651784353648833e-06
3.068848299327338878e-07,9.247288581944605363e-07,1.546609450663315650e-06,9.247288581944605363e-07,1.231138029978337184e-06,9.493180683350837585e-07,1.546609450663315650e-06,9.493180683350837585e-07,1.240916901418118814e-06
3.147017245215693113e-07,9.126119049105337786e-07,1.532291319004119001e-06,9.126119049105337786e-07,1.226831383236864157e-06,9.369361222025396981e-07,1.532291319004119001e-06,9.369361222025396981e-07,1.236464123857510238e-06
2.524694130211698664e-07,7.016218792581303712e-07,1.183318973299740467e-06,7.016218792581303712e-07,9.537096730119771648e-07,7.203652166494798184e-07,1.183318973299740467e-06,7.203652166494798184e-07,9.610963729258840567e-07
1.279580511007339886e-07,3.392734477789983116e-07,5.751480936102294047e-07,3.392734477789983116e-07,4.670412544510221493e-07,3.483563382516666519e-07,5.751480936102294047e-07,3.483563382516666519e-07,4.706008498935623742e-07
1.179397130093282850e-08,2.971295002446962715e-08,5.066480762876270666e-08,2.971295002446962715e-08,4.148975228145082721e-08,3.050955205539325751e-08,5.066480762876270666e-08,3.050955205539325751e-08,4.179987425851014419e-08
6.616913999314666312e-08,1.578662612508657077e-07,2.709452713809088359e-07,1.578662612508657077e-07,2.239407488142111012e-07,1.621131838651066642e-07,2.709452713809088359e-07,1.621131838651066642e-07,2.255838192729853736e-07
5.516920364733141355e-07,1.243743447075435274e-06,2.149849588425761572e-06,1.243743447075435274e-06,1.794665489758746925e-06,1.277256794933146771e-06,2.149849588425761572e-06,1.277256794933146771e-06,1.807531264387898069e-06
1.790093062090808762e-06,3.809954114995543804e-06,6.635760383175039388e-06,3.809954114995543804e-06,5.597611528052121205e-06,3.912789440743051884e-06,6.635760383175039388e-06,3.912789440743051884e-06,5.636770887657111144e-06
4.067300250398873597e-06,8.175317087242143149e-06,1.435212660258578504e-05,8.175317087242143149e-06,1.223722540443778194e-05,8.396334598150432960e-06,1.435212660258578504e-05,8.396334598150432960e-06,1.232068308680318321e-05
7.482977178139160931e-06,1.422272590633215376e-05,2.517242474161079168e-05,1.422272590633215376e-05,2.169603710287473135e-05,1.460781938299566556e-05,2.517242474161079168e-05,1.460781938299566556e-05,2.184021121200299017e-05
1.178628733319486567e-05,2.122154743662347696e-05,3.787038632702556095e-05,2.122154743662347696e-05,3.299299073809889275e-05,2.179697745890629479e-05,3.787038632702556095e-05,2.179697745890629479e-05,3.320658124920816164e-05
1.627140995370484383e-05,2.780436166366205840e-05,5.003265718246243879e-05,2.780436166366205840e-05,4.405577243685776702e-05,2.855935888564432900e-05,5.003265718246243879e-05,2.855935888564432900e-05,4.433362570257956922e-05
1.982144899911926229e-05,3.219002861790576966e-05,5.841683205266732994e-05,3.219002861790576966e-05,5.198767814298481643e-05,3.306535861886741325e-05,5.841683205266732994e-05,3.306535861886741325e-05,5.230707281727748221e-05
2.116719310165330193e-05,3.268962697711096755e-05,5.984318296665607037e-05,3.268962697711096755e-05,5.383197253919795095e-05,3.357984521431347402e-05,5.984318296665607037e-05,3.357984521431347402e-05,5.415400658269137261e-05
1.935862978887098332e-05,2.841757732054508808e-05,5.250200011012038157e-05,2.841757732054508808e-05,4.775398231622737192e-05,2.919265227049718453e-05,5.250200011012038157e-05,2.919265227049718453e-05,4.803188342166263378e-05
1.434363975810014025e-05,1.998179887366800353e-05,3.728300838003311286e-05,1.998179887366800353e-05,3.430933751523449697e-05,2.052769164393237518e-05,3.728300838003311286e-05,2.052769164393237518e-05,3.450324256438083796e-05
7.447895087316700484e-06,9.819075550111124972e-06,1.852084766223693383e-05,9.819075550111124972e-06,1.725880413397860543e-05,1.008779628254919251e-05,1.852084766223693383e-05,1.008779628254919251e-05,1.735329458387998579e-05
1.506626749372762734e-06,1.872734762771221570e-06,3.575476925404763112e-06,1.872734762771221570e-06,3.377751042672935644e-06,1.924064413045549096e-06,3.575476925404763112e-06,1.924064413045549096e-06,3.395595730686545311e-06
4.535487935888394086e-07,5.291613109419470081e-07,1.024248193254212256e-06,5.291613109419470081e-07,9.822371199651088812e-07,5.437423750435517440e-07,1.024248193254212256e-06,5.437423750435517440e-07,9.872544491655177502e-07
8.325968449583540261e-06,9.075000519211676303e-06,1.783961093522198088e-05,9.075000519211676303e-06,1.739255174017636580e-05,9.325354249694811024e-06,1.783961093522198088e-05,9.325354249694811024e-06,1.747744186398730634e-05
2.785880865687926513e-05,2.823840705032328079e-05,5.648762916719307929e-05,2.823840705032328079e-05,5.606996058975554688e-05,2.901958545462700589e-05,5.648762916719307929e-05,2.901958545462700589e-05,5.633077335479514454e-05
5.905431335913523770e-05,5.544969015320874251e-05,1.130981293664805071e-04,5.544969015320874251e-05,1.144482385573507527e-04,5.698863492660682543e-05,1.130981293664805071e-04,5.698863492660682543e-05,1.149533235160854711e-04
9.825933923546028843e-05,8.522126200731816083e-05,1.775752343772881326e-04,8.522126200731816083e-05,1.833912473970915346e-04,8.759521050527186857e-05,1.775752343772881326e-04,8.759521050527186857e-05,1.841558684889969745e-04
1.382758664840944495e-04,1.106009514919465846e-04,2.358421690993961570e-04,1.106009514919465846e-04,2.487559355734815601e-04,1.136945629148518972e-04,2.358421690993961570e-04,1.136945629148518972e-04,2.497322618123742574e-04
1.697962174232097788e-04,1.252176364595266602e-04,2.736414770132520095e-04,1.252176364595266602e-04,2.948713063754581417e-04,1.287359673738612119e-04,2.736414770132520095e-04,1.287359673738612119e-04,2.959578167837220502e-04
1.839912020794903151e-04,1.252176354823555709e-04,2.807477278791026677e-04,1.252176354823555709e-04,3.090605609509751222e-04,1.287532713123667300e-04,2.807477278791026677e-04,1.287532713123667300e-04,3.101278056457727988e-04
1.755322649640470674e-04,1.104527961383403988e-04,2.542701682344747078e-04,1.104527961383403988e-04,2.858492400000179809e-04,1.135878634732394652e-04,2.542701682344747078e-04,1.135878634732394652e-04,2.867735038252355873e-04
1.449648464471890632e-04,8.455696417275011161e-05,1.999560723403622376e-04,8.455696417275011161e-05,2.294140345756280825e-04,8.697010808372003640e-05,1.999560723403622376e-04,8.697010808372003640e-05,2.301085047324127116e-04
9.940971887738820983e-05,5.391233516036091241e-05,1.309848177707583145e-04,5.391233516036091241e-05,1.532509552027521121e-04,5.545954678835891979e-05,1.309848177707583145e-04,5.545954678835891979e-05,1.536855010694909696e-04
5.109889339192212485e-05,2.584986257606450942e-05,6.452397180921542140e-05,2.584986257606450942e-05,7.691353159089668200e-05,2.659612378670309397e-05,6.452397180921542140e-05,2.659612378670309397e-05,7.711814838940112471e-05
1.405938218410658743e-05,6.656520852920807365e-06,1.706690124133926356e-05,6.656520852920807365e-06,2.070652195121661383e-05,6.850281854534968125e-06,1.706690124133926356e-05,6.850281854534968125e-06,2.075855405222966658e-05
6.601112292726583149e-12,2.311595822784629514e-11,3.072637023910165977e-11,2.311595822784629514e-11,2.987708233968843949e-11,8.803340321176178000e-12,3.072637023910165977e-11,8.803340321176178000e-12,2.238523679010571123e-11
1.479907722553202836e-05,6.203911971286345761e-06,1.675207305751086852e-05,6.203911971286345761e-06,2.099393877210845442e-05,6.381654068149876616e-06,1.675207305751086852e-05,6.381654068149876616e-06,2.103789764372470002e-05
5.676411864525572327e-05,2.248540206274301218e-05,6.228129026820021844e-05,2.248540206274301218e-05,7.921576143848173116e-05,2.313222986142205619e-05,6.228129026820021844e-05,2.313222986142205619e-05,7.937180173665175453e-05
1.171417639591846319e-04,4.395302302292986669e-05,1.248345749618153184e-04,4.395302302292986669e-05,1.610271440202441914e-04,4.521583262889179798e-05,1.248345749618153184e-04,4.521583262889179798e-05,1.613221935934167539e-04
1.825412953571439473e-04,6.498128436368904269e-05,1.892329576850710639e-04,6.498128436368904269e-05,2.474201973208615675e-04,6.684032589422023737e-05,1.892329576850710639e-04,6.684032589422023737e-05,2.478388436803809366e-04
2.383803532854200202e-04,8.056838322630880539e-05,2.406431152556431300e-04,8.056838322630880539e-05,3.188188196411047802e-04,8.285755689593230563e-05,2.406431152556431300e-04,8.285755689593230563e-05,3.193129534535795789e-04
2.723444015419091454e-04,8.738168755887519990e-05,2.678845551100112062e-04,8.738168755887519990e-05,3.595818544801280777e-04,8.984141308769401119e-05,2.678845551100112062e-04,8.984141308769401119e-05,3.600873077012597457e-04
2.770782107747345180e-04,8.432271003355893606e-05,2.656271487119363705e-04,8.432271003355893606e-05,3.612583814335719999e-04,8.666908827694393461e-05,2.656271487119363705e-04,8.666908827694393461e-05,3.617134846929052211e-04
2.516678557076798052e-04,7.255427360150229087e-05,2.351717111897000693e-04,7.255427360150229087e-05,3.240964747743444677e-04,7.454627224214610440e-05,2.351717111897000693e-04,7.454627224214610440e-05,3.244573851352463407e-04
2.017510859413581290e-04,5.502912609184421868e-05,1.837923083697512883e-04,5.502912609184421868e-05,2.566825599136698379e-04,5.651777977446417750e-05,1.837923083697512883e-04,5.651777977446417750e-05,2.569314266881327536e-04
1.382834640233965610e-04,3.565545878803877232e-05,1.228592948110872828e-04,3.565545878803877232e-05,1.738741227083086250e-04,3.660516018702821245e-05,1.228592948110872828e-04,3.660516018702821245e-05,1.740185830990802912e-04
7.516198465473708057e-05,1.832043088275396686e-05,6.517835840030130397e-05,1.832043088275396686e-05,9.344836520257968841e-05,1.880092069270228005e-05,6.517835840030130397e-05,1.880092069270228005e-05,9.351386156121387571e-05
2.613487721409144313e-05,6.028813288204088049e-06,2.214795163342480878e-05,6.028813288204088049e-06,3.215226881907530982e-05,6.184677496267424341e-06,2.214795163342480878e-05,6.184677496267424341e-06,3.217101500144129279e-05
1.672224726741631733e-06,3.659946122121926172e-07,1.387326591287722737e-06,3.659946122121926172e-07,2.037525550765197824e-06,3.753742120996094714e-07,1.387326591287722737e-06,3.753742120996094714e-07,2.038510490352533615e-06
6.593900910726774389e-06,1.373096624549982161e-06,5.364565125831803160e-06,1.373096624549982161e-06,7.964251334295400191e-06,1.407526413836971535e-06,5.364565125831803160e-06,1.407526413836971535e-06,7.967306283963438953e-06
3.910209021442268961e-05,7.784087242107793231e-06,3.127164886664471973e-05,7.784087242107793231e-06,4.687051379615972846e-05,7.977847270033631267e-06,3.127164886664471973e-05,7.977847270033631267e-06,4.688512188670311890e-05
9.144141457467326389e-05,1.748414795946485426e-05,7.204552594915661465e-05,1.748414795946485426e-05,1.088900854405700744e-04,1.791671952472357452e-05,7.204552594915661465e-05,1.791671952472357452e-05,1.089176538096590826e-04
1.518959093821585331e-04,2.803214399515059665e-05,1.181531124232575034e-04,2.803214399515059665e-05,1.798708115474013534e-04,2.872332735832198121e-05,1.181531124232575034e-04,2.872332735832198121e-05,1.799082892444345554e-04
2.074804744465570596e-04,3.712991829460457878e-05,1.596428696869388526e-04,3.712991829460457878e-05,2.445342618928915152e-04,3.804508585006324996e-05,1.596428696869388526e-04,3.804508585006324996e-05,2.445773463628165200e-04
2.466282575315627366e-04,4.297941554593533831e-05,1.880252729289789537e-04,4.297941554593533831e-05,2.895193590667179996e-04,4.404173949496094701e-05,1.880252729289789537e-04,4.404173949496094701e-05,2.895643576567189870e-04
2.613565312516081033e-04,4.451423867614881936e-05,1.977036641272482593e-04,4.451423867614881936e-05,3.057792449629970449e-04,4.562117805192134702e-05,1.977036641272482593e-04,4.562117805192134702e-05,3.058235358615909831e-04
2.486458837469727665e-04,4.151348377143410648e-05,1.868349401674519814e-04,4.151348377143410648e-05,2.900740521076877678e-04,4.255546886673024633e-05,1.868349401674519814e-04,4.255546886673024633e-05,2.901156415540098645e-04
2.109509442422143164e-04,3.460591015968126293e-05,1.575913528171882553e-04,3.460591015968126293e-05,2.454858194821615846e-04,3.548543690175172551e-05,1.575913528171882553e-04,3.548543690175172551e-05,2.455226340431418538e-04
1.558355687284161965e-04,2.516347255686564026e-05,1.158184955123259626e-04,2.516347255686564026e-05,1.809474735225870409e-04,2.581295351584105889e-05,1.158184955123259626e-04,2.581295351584105889e-05,1.809770650783206066e-04
9.474267756755486050e-05,1.507869473724189399e-05,7.008607628139905030e-05,1.507869473724189399e-05,1.097905310842608149e-04,1.547490933688140622e-05,7.008607628139905030e-05,1.547490933688140622e-05,1.098106095587825937e-04
4.095975716567678095e-05,6.431865769221805755e-06,3.017057546910072098e-05,6.431865769221805755e-06,4.737849568731468690e-05,6.604170814043109342e-06,3.017057546910072098e-05,6.604170814043109342e-06,4.738825514720075186e-05
6.992383671247349627e-06,1.084463869532858332e-06,5.130340666928788310e-06,1.084463869532858332e-06,8.074639005123064237e-06,1.113943326677286144e-06,5.130340666928788310e-06,1.113943326677286144e-06,8.076433792222901858e-06
1.798049593050513858e-06,2.756765987051275970e-07,1.314512619524841738e-06,2.756765987051275970e-07,2.073168648077191483e-06,2.833368475785111603e-07,1.314512619524841738e-06,2.833368475785111603e-07,2.073685099819911791e-06
2.854440803131062630e-05,4.325944207299890649e-06,2.079425958496142733e-05,4.325944207299890649e-06,3.286161567497792799e-05,4.450509016930801631e-06,2.079425958496142733e-05,4.450509016930801631e-06,3.287167664299921730e-05
8.356951447299380093e-05,1.253975982949669637e-05,6.069431563947490997e-05,1.253975982949669637e-05,9.608406221241833284e-05,1.290856965218435840e-05,6.069431563947490997e-05,1.290856965218435840e-05,9.611649664588869338e-05
1.569376861848892151e-04,2.334411190547106395e-05,1.136778062552343450e-04,2.334411190547106395e-05,1.802351315709798578e-04,2.404432661099458957e-05,1.136778062552343450e-04,2.404432661099458957e-05,1.803014045046621950e-04
2.344882766514737110e-04,3.462353529441441607e-05,1.694746931821139197e-04,3.462353529441441607e-05,2.690430845558037707e-04,3.568079493787599339e-05,1.694746931821139197e-04,3.568079493787599339e-05,2.691496981261642940e-04
3.008106609059109328e-04,4.415722809854964194e-05,2.170281329092402776e-04,4.415722809854964194e-05,3.448809842524525352e-04,4.552656429439919637e-05,2.170281329092402776e-04,4.552656429439919637e-05,3.450265972794905279e-04
3.423767002650281231e-04,5.004683558823559534e-05,2.467073654576232918e-04,5.004683558823559534e-05,3.923260413636395889e-04,5.161932912080186865e-05,2.467073654576232918e-04,5.161932912080186865e-05,3.925009863040063488e-04
3.501745990433915230e-04,5.105811219399044454e-05,2.521409021225514465e-04,5.105811219399044454e-05,4.011344438667769231e-04,5.267970521469459187e-05,2.521409021225514465e-04,5.267970521469459187e-05,4.013218719513739533e-04
3.214781535859719441e-04,4.684067131310802709e-05,2.314342416166837531e-04,4.684067131310802709e-05,3.682299597879221272e-04,4.834089188195967861e-05,2.314342416166837531e-04,4.834089188195967861e-05,3.684090676613606613e-04
2.606570938807868470e-04,3.802368038280303387e-05,1.877206794652076208e-04,3.802368038280303387e-05,2.986098687995821085e-04,3.924988545586192160e-05,1.877206794652076208e-04,3.924988545586192160e-05,2.987606620725334269e-04
1.790676133966881910e-04,2.620611142354980586e-05,1.290903733925656723e-04,2.620611142354980586e-05,2.052258943406027290e-04,2.705442421044288140e-05,1.290903733925656723e-04,2.705442421044288140e-05,2.053326059422204636e-04
9.404516966477583862e-05,1.383899155307132964e-05,6.791192398297205099e-05,1.383899155307132964e-05,1.078596387073675248e-04,1.428729003401180387e-05,6.791192398297205099e-05,1.428729003401180387e-05,1.079169336547423198e-04
2.693033210261516793e-05,3.995844724450917946e-06,1.949566802072556079e-05,3.995844724450917946e-06,3.091948933532157788e-05,4.123058808746608760e-06,1.949566802072556079e-05,4.123058808746608760e-06,3.093514666581706561e-05
2.576657366991182690e-11,6.840954969368089485e-09,7.932165073341819270e-09,6.840954969368089485e-09,6.873032470229330692e-09,2.063733843193992924e-09,7.932165073341819270e-09,2.063733843193992924e-09,4.485526555389569784e-09
3.226342485866884801e-05,4.919310103315917427e-06,2.355415947761648499e-05,4.919310103315917427e-06,3.717375148034164981e-05,5.072494146142050680e-06,2.355415947761648499e-05,5.072494146142050680e-06,3.719324474280816072e-05
1.344175917561974938e-04,2.080481752364910801e-05,9.861067128085371789e-05,2.080481752364910801e-05,1.551865535964645965e-04,2.147470962668004079e-05,9.861067128085371789e-05,2.147470962668004079e-05,1.552818823906386989e-04
3.038364533888741155e-04,4.797544238776782385e-05,2.243322376064286116e-04,4.797544238776782385e-05,3.517325475478477737e-04,4.952421842595005876e-05,2.243322376064286116e-04,4.952421842595005876e-05,3.519615532437738456e-04
5.211523693898663379e-04,8.427896421804301002e-05,3.877845922428724864e-04,8.427896421804301002e-05,6.052972515742527241e-04,8.699527195932203597e-05,3.877845922428724864e-04,8.699527195932203597e-05,6.057123087340097155e-04
7.504002154243293336e-04,1.247518945214954624e-04,5.634895713878412555e-04,1.247518945214954624e-04,8.749613257417764890e-04,1.287564430974668110e-04,5.634895713878412555e-04,1.287564430974668110e-04,8.755923313272580711e-04
9.443032051265815886e-04,1.619797902131717008e-04,7.166175759784083193e-04,1.619797902131717008e-04,1.106045294947532271e-03,1.671539047472072378e-04,7.166175759784083193e-04,1.671539047472072378e-04,1.106886625315806148e-03
1.054862269305131741e-03,1.873751322308061260e-04,8.102011535064637020e-04,1.873751322308061260e-04,1.241974220774558864e-03,1.933106921787057140e-04,8.102011535064637020e-04,1.933106921787057140e-04,1.242965200692310165e-03
1.047204989841892409e-03,1.932819587835660311e-04,8.152525184563505847e-04,1.932819587835660311e-04,1.240227986105712273e-03,1.993326356767196315e-04,8.152525184563505847e-04,1.993326356767196315e-04,1.241259666651821185e-03
9.126508347435674387e-04,1.756152055103285677e-04,7.212847401625157922e-04,1.756152055103285677e-04,1.088042781997030717e-03,1.810419238880411614e-04,7.212847401625157922e-04,1.810419238880411614e-04,1.088986563483337368e-03
6.762512746006473429e-04,1.361155767019454422e-04,5.434555918196413418e-04,1.361155767019454422e-04,8.122042616253939478e-04,1.402458557226211769e-04,5.434555918196413418e-04,1.402458557226211769e-04,8.129296524782444978e-04
3.951626909148315951e-04,8.350086786431654118e-05,3.235018159169281149e-04,8.350086786431654118e-05,4.785720064707702881e-04,8.594501874134134213e-05,3.235018159169281149e-04,8.594501874134134213e-05,4.789901034850008350e-04
1.469258701571385980e-04,3.277072817504859910e-05,1.228565189199808149e-04,3.277072817504859910e-05,1.796663300784850632e-04,3.366970832844948252e-05,1.228565189199808149e-04,3.366970832844948252e-05,1.798050797666997055e-04
9.988725247055290466e-06,2.531378668586656011e-06,8.752100553908500667e-06,2.531378668586656011e-06,1.252008837440274485e-05,2.476797318321686976e-06,8.752100553908500667e-06,2.476797318321686976e-06,1.246856629090448364e-05
4.179787942300728244e-05,1.064586662268876087e-05,3.685091285774875022e-05,1.064586662268876087e-05,5.242566610344232881e-05,1.075889382384103824e-05,3.685091285774875022e-05,1.075889382384103824e-05,5.240012058541837964e-05
2.611229838732878790e-04,6.878171845459401254e-05,2.340934826217737049e-04,6.878171845459401254e-05,3.298116126466386108e-04,7.044996112496514041e-05,2.340934826217737049e-04,7.044996112496514041e-05,3.300915025999503409e-04
6.404060693565843260e-04,1.780229744106702722e-04,5.882018825627993198e-04,1.780229744106702722e-04,8.182071468098777800e-04,1.823946873003639494e-04,5.882018825627993198e-04,1.823946873003639494e-04,8.189774192837368828e-04
1.110752765745385943e-03,3.259431448224449227e-04,1.046031068210589738e-03,3.259431448224449227e-04,1.436307215584872819e-03,3.338792645074455481e-04,1.046031068210589738e-03,3.338792645074455481e-04,1.437734992021834010e-03
1.577733849056205118e-03,4.877089836771809970e-04,1.522806222935023119e-03,4.877089836771809970e-04,2.064876042220187193e-03,4.991089316408639075e-04,1.522806222935023119e-03,4.991089316408639075e-04,2.066854199529751576e-03
1.943239861987066611e-03,6.302138854115324137e-04,1.919806004193967902e-03,6.302138854115324137e-04,2.572730881406410600e-03,6.445172425306582584e-04,1.919806004193967902e-03,6.445172425306582584e-04,2.575166531746759732e-03
2.127507878974603008e-03,7.206933865038677627e-04,2.147728090956209368e-03,7.206933865038677627e-04,2.847377680805256682e-03,7.363440615817144416e-04,2.147728090956209368e-03,7.363440615817144416e-04,2.849906754259578113e-03
2.086577792400337670e-03,7.346344452291374803e-04,2.147803941242876821e-03,7.346344452291374803e-04,2.820368941058965309e-03,7.497088003311709907e-04,2.147803941242876821e-03,7.497088003311709907e-04,2.822596883250143730e-03
1.822484100337287390e-03,6.635608887759150568e-04,1.908526417522486435e-03,6.635608887759150568e-04,2.485273691972249982e-03,6.764036887679877484e-04,1.908526417522486435e-03,6.764036887679877484e-04,2.486975040378852381e-03
1.385223587736123104e-03,5.192436130391726639e-04,1.472526644592887140e-03,5.192436130391726639e-04,1.903850294199468073e-03,5.283153362819276644e-04,1.472526644592887140e-03,5.283153362819276644e-04,1.904754078023353659e-03
8.666383808491269535e-04,3.342512055115540452e-04,9.347594848089132427e-04,3.342512055115540452e-04,1.200478832151938334e-03,3.388069574478966631e-04,9.347594848089132427e-04,3.388069574478966631e-04,1.200474618928953213e-03
3.858326672431032869e-04,1.543158925953638078e-04,4.235781725539095044e-04,1.543158925953638078e-04,5.399478145440094303e-04,1.546502074011093532e-04,4.235781725539095044e-04,1.546502074011093532e-04,5.391122696535981815e-04
6.791877771068397483e-05,3.177626526466885486e-05,7.985465803738175754e-05,3.177626526466885486e-05,9.965128886453114327e-05,2.851064005217864291e-05,7.985465803738175754e-05,2.851064005217864291e-05,9.785741732114154655e-05
1.774279038486741895e-05,1.450354027829090153e-05,2.854887309358866340e-05,1.450354027829090153e-05,3.225346689177904742e-05,1.034782469684332470e-05,2.854887309358866340e-05,1.034782469684332470e-05,3.009998189559114502e-05
2.951034895250548881e-04,1.302825266889378079e-04,3.397431067419961993e-04,1.302825266889378079e-04,4.253018822676865335e-04,1.253429088693647176e-04,3.397431067419961993e-04,1.253429088693647176e-04,4.218953141389151151e-04
8.947809653717652420e-04,3.798088559940640215e-04,1.014877128614080073e-03,3.798088559940640215e-04,1.274264597197030538e-03,3.802231624845913826e-04,1.014877128614080073e-03,3.802231624845913826e-04,1.271722060030695996e-03
1.743039194710977857e-03,7.375138131444327260e-04,1.973984978883259415e-03,7.375138131444327260e-04,2.479862544222686226e-03,7.395425163743884946e-04,1.973984978883259415e-03,7.395425163743884946e-04,2.475572887999048961e-03
2.706404847537927354e-03,1.143577161081375240e-03,3.065186420136546339e-03,1.143577161081375240e-03,3.848858546943854063e-03,1.151908826224107675e-03,3.065186420136546339e-03,1.151908826224107675e-03,3.844817032855744540e-03
3.615797127792060809e-03,1.540638953609800707e-03,4.110667852160726672e-03,1.540638953609800707e-03,5.154889080485755386e-03,1.544529722936655415e-03,4.110667852160726672e-03,1.544529722936655415e-03,5.145873884928823389e-03
4.298197602331572768e-03,1.837731933532953414e-03,4.897172019957611068e-03,1.837731933532953414e-03,6.134051074776677645e-03,1.844839524466555716e-03,4.897172019957611068e-03,1.844839524466555716e-03,6.124565165870333311e-03
4.609342288708954093e-03,1.978683590434407273e-03,5.261586313567555122e-03,1.978683590434407273e-03,6.585981239143999175e-03,1.982366981132794963e-03,5.261586313567555122e-03,1.982366981132794963e-03,6.573814336043186206e-03
4.459978349333855972e-03,1.939316653025208300e-03,5.122618685868721849e-03,1.939316653025208300e-03,6.397298000266217650e-03,1.931593888419406947e-03,5.122618685868721849e-03,1.931593888419406947e-03,6.379849895131676184e-03
3.835916670797481342e-03,1.692418597486456148e-03,4.437325109083564874e-03,1.692418597486456148e-03,5.526612887437685161e-03,1.675132685658671300e-03,4.437325109083564874e-03,1.675132685658671300e-03,5.506234480948987708e-03
2.818485461195360028e-03,1.276741723909672515e-03,3.300526337548131614e-03,1.276741723909672515e-03,4.093975005037172633e-03,1.244220363810692818e-03,3.300526337548131614e-03,1.244220363810692818e-03,4.069027633193608023e-03
1.600736777741475127e-03,8.070598756418983447e-04,1.965860186281793206e-03,8.070598756418983447e-04,2.407125006133808282e-03,7.245903446404796744e-04,1.965860186281793206e-03,7.245903446404796744e-04,2.360887264131005577e-03
4.976840979945322757e-04,3.800000556599046034e-04,7.659304740252897850e-04,3.800000556599046034e-04,8.775549516547590185e-04,2.749653905678749242e-04,7.659304740252897850e-04,2.749653905678749242e-04,8.233652587139977637e-04
5.538895197673626530e-06,2.135925730906221287e-04,2.416880740661131813e-04,2.135925730906221287e-04,2.192807139473791091e-04,4.766638777699829058e-05,2.416880740661131813e-04,4.766638777699829058e-05,1.362151641914647010e-04
