7.529966823983954079e-13,2.486325927070327393e-13,7.354169286909565858e-13,2.486325927070327393e-13,9.835724398751178745e-13,2.092455847078952808e-13,7.354169286909565858e-13,2.092455847078952808e-13,1.012273927657760521e-12
7.014392415610207527e-13,2.159726508758840544e-13,6.622105170729920390e-13,2.159726508758840544e-13,9.001978355145077380e-13,1.805591679211473960e-13,6.622105170729920390e-13,1.805591679211473960e-13,9.283031379713281455e-13
6.467198734017464232e-13,1.822225701175844100e-13,5.859140117864906527e-13,1.822225701175844100e-13,8.126560287968394074e-13,1.510846188772369925e-13,5.859140117864906527e-13,1.510846188772369925e-13,8.400975278576752711e-13
5.894266588081102998e-13,1.481133471461101122e-13,5.079077512718170685e-13,1.481133471461101122e-13,7.222700457298807635e-13,1.215220182996820973e-13,5.079077512718170685e-13,1.215220182996820973e-13,7.489692452989491690e-13
5.304647049792439193e-13,1.146529639931406135e-13,4.301466449128126005e-13,1.146529639931406135e-13,6.309553196682315624e-13,9.284408232037935584e-14,4.301466449128126005e-13,9.284408232037935584e-14,6.568299884991019362e-13
4.711401280633416452e-13,8.322832613286312249e-14,3.553400257576484613e-13,8.322832613286312249e-14,5.414048887490462484e-13,6.636666577026550975e-14,3.553400257576484613e-13,6.636666577026550975e-14,5.663634925247493395e-13
4.132551289682074518e-13,5.566653284494515802e-14,2.870943637240128228e-13,5.566653284494515802e-14,4.572448268469929670e-13,4.381490738862641008e-14,2.870943637240128228e-13,4.381490738862641008e-14,4.811869692631889907e-13
3.592102551988403827e-13,3.431021562503020945e-14,2.300746254124128888e-13,3.431021562503020945e-14,3.832106990287230405e-13,2.739121863209558735e-14,2.300746254124128888e-13,2.739121863209558735e-14,4.060280285675968205e-13
3.121071299890254874e-13,2.210907780665502498e-14,1.901879504573122325e-13,2.210907780665502498e-14,3.253404352517919647e-13,1.985519796349259019e-14,1.901879504573122325e-13,1.985519796349259019e-14,3.469163379197418120e-13
2.758382453488483990e-13,2.264751344114470309e-14,1.746722336043224061e-13,2.264751344114470309e-14,2.910900690317035812e-13,2.455417491192720088e-14,1.746722336043224061e-13,2.455417491192720088e-14,3.113056499905067357e-13
2.551433406995896094e-13,4.018477131612869800e-14,1.921695678972917037e-13,4.018477131612869800e-14,2.894283449629257321e-13,4.543248660439489775e-14,1.921695678972917037e-13,4.543248660439489775e-14,3.081576040688383743e-13
2.556008944173182680e-13,7.956962036161305739e-14,2.526031481274758507e-13,7.956962036161305739e-14,3.307406990743049356e-13,8.696465818975063011e-14,2.526031481274758507e-13,8.696465818975063011e-14,3.478587091893711650e-13
2.835091735258681209e-13,1.460782738203657088e-13,3.668644207732273237e-13,1.460782738203657088e-13,4.265459200836746024e-13,1.539749452797682314e-13,3.668644207732273237e-13,1.539749452797682314e-13,4.419295533812769627e-13
3.455925098072387047e-13,2.450304602409343874e-13,5.461022851225351673e-13,2.450304602409343874e-13,5.888162199563169556e-13,2.512824803224825752e-13,5.461022851225351673e-13,2.512824803224825752e-13,6.023575765628124491e-13
4.484526947614256151e-13,3.811771018998308983e-13,8.005207191408735525e-13,3.811771018998308983e-13,8.288143689826222088e-13,3.830794747108825230e-13,8.005207191408735525e-13,3.830794747108825230e-13,8.404218409727641372e-13
5.976662549358963458e-13,5.576989748899586753e-13,1.137457631400480761e-12,5.576989748899586753e-13,1.155188502624883383e-12,5.520100989054641977e-13,1.137457631400480761e-12,5.520100989054641977e-13,1.164811731980588042e-12
7.964264148814094830e-13,7.747755083763797323e-13,1.558568971425494792e-12,7.747755083763797323e-13,1.571183262837182770e-12,7.577831079408631991e-13,1.558568971425494792e-12,7.577831079408631991e-13,1.578831908312811882e-12
1.043652205573872909e-12,1.027618270644602291e-12,2.055977242164473403e-12,1.027618270644602291e-12,2.070785253050133582e-12,9.953262011710201540e-13,2.055977242164473403e-12,9.953262011710201540e-13,2.076564948025057233e-12
1.331571365409383570e-12,1.303973825179765303e-12,2.607382265637123102e-12,1.303973825179765303e-12,2.633815409513270080e-12,1.252462283757474032e-12,2.607382265637123102e-12,1.252462283757474032e-12,2.637990019663531283e-12
1.642979623895945233e-12,1.581371228749072994e-12,3.170638313178404165e-12,1.581371228749072994e-12,3.220447711536131393e-12,1.507359387134934258e-12,3.170638313178404165e-12,1.507359387134934258e-12,3.223526695902327597e-12
1.948761069614997347e-12,1.824634465602397254e-12,3.678897275684500487e-12,1.824634465602397254e-12,3.766260904480633272e-12,1.726319318585410717e-12,3.678897275684500487e-12,1.726319318585410717e-12,3.769142220520196905e-12
2.206947769239497180e-12,1.984987868923883410e-12,4.038932853133906296e-12,1.984987868923883410e-12,4.180430919804464354e-12,1.863179960473187903e-12,4.038932853133906296e-12,1.863179960473187903e-12,4.184627169545098580e-12
2.365746073366849261e-12,2.003168080103566585e-12,4.137465885391123413e-12,2.003168080103566585e-12,4.351905491217206696e-12,1.862676574159626036e-12,4.137465885391123413e-12,1.862676574159626036e-12,4.359896276027686186e-12
2.374736764344402524e-12,1.820747329511776642e-12,3.863881847444117878e-12,1.820747329511776642e-12,4.171971256093614964e-12,1.671857549903283387e-12,3.863881847444117878e-12,1.671857549903283387e-12,4.187760051362221822e-12
2.210980120080739133e-12,1.406446314547115730e-12,3.162780892838180686e-12,1.406446314547115730e-12,3.586716900542653217e-12,1.266033034739946839e-12,3.162780892838180686e-12,1.266033034739946839e-12,3.616670745723229256e-12
1.929894909052074501e-12,8.074174312213133705e-13,2.136199336826962300e-12,8.074174312213133705e-13,2.699229535707896377e-12,6.989330860568299373e-13,2.136199336826962300e-12,6.989330860568299373e-13,2.753355817202266822e-12
1.753792528029275137e-12,2.389408906192910188e-13,1.221855173424168676e-12,2.389408906192910188e-13,1.947825504359029397e-12,1.897839701597406021e-13,1.221855173424168676e-12,1.897839701597406021e-13,2.041583825096272491e-12
2.211779220481898751e-12,2.274713862173129076e-13,1.476538933224673868e-12,2.274713862173129076e-13,2.388931339633314516e-12,2.616940750637694439e-13,1.476538933224673868e-12,2.616940750637694439e-13,2.545761305312959054e-12
4.338859998767397442e-12,1.817946797429091469e-12,4.984531199533464735e-12,1.817946797429091469e-12,6.103314155415633607e-12,1.941258651061590369e-12,4.984531199533464735e-12,1.941258651061590369e-12,6.357823988858023714e-12
9.921045806438101014e-12,6.837892881384024974e-12,1.537310552060945088e-11,6.837892881384024974e-12,1.670495059028521543e-11,7.011733334151284054e-12,1.537310552060945088e-11,7.011733334151284054e-12,1.710646924672215009e-11
2.172354322787543772e-11,1.816524518286377628e-11,3.832408042278215011e-11,1.816524518286377628e-11,3.983651721254652768e-11,1.826765380347725867e-11,3.832408042278215011e-11,1.826765380347725867e-11,4.045198229517361153e-11
4.354380895482255569e-11,3.985398819675569916e-11,8.178434756858501481e-11,3.985398819675569916e-11,8.334745435614665062e-11,3.962921384627181936e-11,8.178434756858501481e-11,3.962921384627181936e-11,8.426138201431459124e-11
7.978016108162661318e-11,7.681401926893544645e-11,1.552677737030589283e-10,7.681401926893544645e-11,1.565419543353857174e-10,7.582282058234613948e-11,1.552677737030589283e-10,7.582282058234613948e-11,1.578493810574446702e-10
1.340257828966968030e-10,1.335258805330055146e-10,2.672293242882843488e-10,1.335258805330055146e-10,2.674878946962757758e-10,1.311272386415457337e-10,2.672293242882843488e-10,1.311272386415457337e-10,2.692741370341009293e-10
2.061125472846281472e-10,2.110900667563639653e-10,4.191810326074815661e-10,2.110900667563639653e-10,4.171117162204173217e-10,2.065127385359995533e-10,4.191810326074815661e-10,2.065127385359995533e-10,4.194121227035017817e-10
2.873672197819200190e-10,3.020655875569496396e-10,5.956218617631622248e-10,3.020655875569496396e-10,5.892974006796239166e-10,2.946549876011428358e-10,5.956218617631622248e-10,2.946549876011428358e-10,5.920348385223158931e-10
3.552341246529784952e-10,3.837419635379405617e-10,7.513260919598772662e-10,3.837419635379405617e-10,7.387878252346875997e-10,3.734600801931659726e-10,7.513260919598772662e-10,3.734600801931659726e-10,7.417020160393639314e-10
3.717281759593711105e-10,4.139847216171698267e-10,8.044052208199886109e-10,4.139847216171698267e-10,7.854894743890522390e-10,4.021169683736283943e-10,8.044052208199886109e-10,4.021169683736283943e-10,7.881069212652703659e-10
2.959168381631545463e-10,3.412817350886798198e-10,6.575897827035510684e-10,3.412817350886798198e-10,6.369972133375274149e-10,3.309196224540394716e-10,6.575897827035510684e-10,3.309196224540394716e-10,6.387397355386221373e-10
1.274140507964767809e-10,1.529963676296743792e-10,2.920196224802447188e-10,1.529963676296743792e-10,2.803098326154787202e-10,1.480320417035826783e-10,2.920196224802447188e-10,1.480320417035826783e-10,2.808675916083776344e-10
1.636147545373040288e-13,5.843536576786078234e-15,9.162339494861774641e-14,5.843536576786078234e-15,1.664965485874678593e-13,6.749208741038872327e-15,9.162339494861774641e-14,6.749208741038872327e-15,1.760007345058385534e-13
3.327961356038017051e-10,4.393763395134570354e-10,8.225673438577569889e-10,4.393763395134570354e-10,7.719186246521187855e-10,4.261578356995305939e-10,8.225673438577569889e-10,4.261578356995305939e-10,7.736550596911325286e-10
2.001731248090306172e-09,2.803132469295944869e-09,5.184971617005101100e-09,2.803132469295944869e-09,4.803177409433550226e-09,2.714414346317263781e-09,5.184971617005101100e-09,2.714414346317263781e-09,4.810345186437383474e-09
6.435911124958901433e-09,9.595733265979910701e-09,1.753744943275740224e-08,9.595733265979910701e-09,1.602581447251437921e-08,9.284526045888609993e-09,1.753744943275740224e-08,9.284526045888609993e-09,1.604089874685366749e-08
1.546592303678672321e-08,2.463071289534896538e-08,4.448272658948978777e-08,2.463071289534896538e-08,4.008170538652922798e-08,2.381917395253966097e-08,4.448272658948978777e-08,2.381917395253966097e-08,4.009960039265783909e-08
3.075554809087957684e-08,5.239874034447674036e-08,9.354919441398045933e-08,5.239874034447674036e-08,8.312275838206809910e-08,5.065316796408499336e-08,9.354919441398045933e-08,5.065316796408499336e-08,8.312168000462931168e-08
5.276562816167023190e-08,9.610780581317566072e-08,1.697502519366354593e-07,9.610780581317566072e-08,1.488160649391875324e-07,9.288130105181401423e-08,1.697502519366354593e-07,9.288130105181401423e-08,1.487513116013189293e-07
7.946757010250641439e-08,1.542607983438651374e-07,2.698376795052810777e-07,1.542607983438651374e-07,2.336367923689381202e-07,1.490549554625062497e-07,2.698376795052810777e-07,1.490549554625062497e-07,2.334472410108022508e-07
1.053723133895231052e-07,2.167779757103308550e-07,3.760339568119097897e-07,2.167779757103308550e-07,3.220217013309954856e-07,2.094393285938317960e-07,3.760339568119097897e-07,2.094393285938317960e-07,3.216573753005533790e-07
1.217325909813986743e-07,2.633293261350030821e-07,4.536458279091135725e-07,2.633293261350030821e-07,3.849048991569306367e-07,2.544024971426157912e-07,4.536458279091135725e-07,2.544024971426157912e-07,3.843712547255065788e-07
1.188445192499977165e-07,2.677240371300973232e-07,4.587591531071763075e-07,2.677240371300973232e-07,3.864070426874633689e-07,2.586499718554810990e-07,4.587591531071763075e-07,2.586499718554810990e-07,3.858001775990757322e-07
9.105290024824977542e-08,2.113345866015757030e-07,3.607596733692755417e-07,2.113345866015757030e-07,3.022576728192519412e-07,2.041832854609722946e-07,3.607596733692755417e-07,2.041832854609722946e-07,3.017494511981939364e-07
4.420982375977201998e-08,1.045711052984623698e-07,1.780919876063759150e-07,1.045711052984623698e-07,1.487151021724920307e-07,1.010427375906321557e-07,1.780919876063759150e-07,1.010427375906321557e-07,1.484592548725425234e-07
3.916793700371214688e-09,9.342314090595677153e-09,1.589473736069148069e-08,9.342314090595677153e-09,1.325296915171170855e-08,9.028095378060196089e-09,1.589473736069148069e-08,9.028095378060196089e-09,1.323059643433969163e-08
2.117360933939788242e-08,5.050097508730697343e-08,8.592832128913580826e-08,5.050097508730697343e-08,7.164159389425403468e-08,4.881643007976129085e-08,8.592832128913580826e-08,4.881643007976129085e-08,7.152612648794286683e-08
1.708089144658117239e-07,4.040930855146015079e-07,6.883115613625816102e-07,4.040930855146015079e-07,5.746281390685553297e-07,3.907058160824709384e-07,6.883115613625816102e-07,3.907058160824709384e-07,5.737830446381160007e-07
5.383374306799530876e-07,1.256035948094250502e-06,2.143364775944429779e-06,1.256035948094250502e-06,1.793494471752503032e-06,1.214794705375144283e-06,2.143364775944429779e-06,1.214794705375144283e-06,1.791187948481362268e-06
1.193481590171707569e-06,2.734663829198395257e-06,4.677775334651581806e-06,2.734663829198395257e-06,3.926171959722070412e-06,2.645856118178474716e-06,4.677775334651581806e-06,2.645856118178474716e-06,3.922001804534923408e-06
2.153452010390760004e-06,4.831228079815260222e-06,8.287599049958745907e-06,4.831228079815260222e-06,6.981087909518873786e-06,4.676424640673104306e-06,8.287599049958745907e-06,4.676424640673104306e-06,6.975487408420084742e-06
3.345188834943061613e-06,7.331938351437700829e-06,1.261783078189428583e-05,7.331938351437700829e-06,1.067151513275572498e-05,7.100783941434267793e-06,1.261783078189428583e-05,7.100783941434267793e-06,1.066609742085633570e-05
4.581556462082828952e-06,9.792499119911737509e-06,1.691219024310318885e-05,9.792499119911737509e-06,1.436634467724831720e-05,9.489714941982035443e-06,1.691219024310318885e-05,9.489714941982035443e-06,1.436378308593049954e-05
5.569998335860545269e-06,1.158858037971972344e-05,2.009232113317825660e-05,1.158858037971972344e-05,1.714919473885994028e-05,1.123844127553594968e-05,2.009232113317825660e-05,1.123844127553594968e-05,1.715239648315133804e-05
5.970620193944630561e-06,1.206661262154979866e-05,2.101149292261730392e-05,1.206661262154979866e-05,1.802718468590690652e-05,1.171177922583257299e-05,2.101149292261730392e-05,1.171177922583257299e-05,1.803778205469430256e-05
5.510511281977108154e-06,1.079056382951329905e-05,1.888011712787605469e-05,1.079056382951329905e-05,1.629183101137412129e-05,1.048305807948762980e-05,1.888011712787605469e-05,1.048305807948762980e-05,1.630852379951644980e-05
4.140110159733181211e-06,7.830570765463217519e-06,1.377562280316538456e-05,7.830570765463217519e-06,1.196377370282594037e-05,7.615270587450636658e-06,1.377562280316538456e-05,7.615270587450636658e-06,1.198165879661720837e-05
2.188833639035162308e-06,3.983700231723854201e-06,7.051657281756001587e-06,3.983700231723854201e-06,6.168910691328253491e-06,3.878497273725423543e-06,7.051657281756001587e-06,3.878497273725423543e-06,6.181220345565538281e-06
4.524129063701471171e-07,7.888133808417995668e-07,1.406262151289266001e-06,7.888133808417995668e-07,1.240484389287716592e-06,7.688944610804154890e-07,1.406262151289266001e-06,7.688944610804154890e-07,1.243614321725992370e-06
1.395453426399973357e-07,2.319454799654652996e-07,4.169011184615683302e-07,2.319454799654652996e-07,3.712675115736205976e-07,2.263687056596429439e-07,4.169011184615683302e-07,2.263687056596429439e-07,3.723993540355045626e-07
2.632063424787930011e-06,4.146877049723156201e-06,7.524848061720729429e-06,4.146877049723156201e-06,6.774784189200475813e-06,4.052349727217708440e-06,7.524848061720729429e-06,4.052349727217708440e-06,6.799249861906256199e-06
9.069663550604796645e-06,1.346593687894492820e-05,2.470501324078389803e-05,1.346593687894492820e-05,2.252158130070622982e-05,1.317604807901660879e-05,2.470501324078389803e-05,1.317604807901660879e-05,2.261549184265795358e-05
1.984375258506822164e-05,2.760002553938050967e-05,5.128070642599527308e-05,2.760002553938050967e-05,4.741388324281471032e-05,2.704085595993289558e-05,5.128070642599527308e-05,2.704085595993289558e-05,4.763775984058748835e-05
3.415477432697287385e-05,4.424892705366789540e-05,8.341260607860549574e-05,4.424892705366789540e-05,7.835374835125181667e-05,4.340771385419752126e-05,8.341260607860549574e-05,4.340771385419752126e-05,7.876572665849221712e-05
4.982823395282287175e-05,5.982229073534622957e-05,1.146324980592953948e-04,5.982229073534622957e-05,1.095800267221511620e-04,5.875742317656243609e-05,1.146324980592953948e-04,5.875742317656243609e-05,1.102121672342827721e-04
6.356540831804578925e-05,7.041687396840662198e-05,1.374313244611003273e-04,7.041687396840662198e-05,1.338955511515073317e-04,6.924469975211930244e-05,1.374313244611003273e-04,6.924469975211930244e-05,1.347318039022086850e-04
7.169823807706133775e-05,7.304703698127475273e-05,1.454838188104398775e-04,7.304703698127475273e-05,1.446511670297182168e-04,7.191024683565909784e-05,1.454838188104398775e-04,7.191024683565909784e-05,1.456176568319523384e-04
7.132902152774256834e-05,6.668684713628308329e-05,1.357871123208314885e-04,6.668684713628308329e-05,1.379259759862322941e-04,6.571593083956698287e-05,1.357871123208314885e-04,6.571593083956698287e-05,1.389014253830596725e-04
6.152672123167833660e-05,5.272747379584563399e-05,1.099519791529298703e-04,5.272747379584563399e-05,1.141798414371527617e-04,5.200813004904930939e-05,1.099519791529298703e-04,5.200813004904930939e-05,1.150265954829014661e-04
4.412905724548782713e-05,3.466532927352284352e-05,7.414106114380327101e-05,3.466532927352284352e-05,7.874328357895930711e-05,3.422110945670866041e-05,7.414106114380327101e-05,3.422110945670866041e-05,7.935063326311270172e-05
2.375233559458820313e-05,1.712236908587343257e-05,3.760491988039807145e-05,1.712236908587343257e-05,4.084834739873311133e-05,1.691563091842976759e-05,3.760491988039807145e-05,1.691563091842976759e-05,4.117373442610056263e-05
6.849453233220164504e-06,4.541555698139400318e-06,1.025055820781935558e-05,4.541555698139400318e-06,1.138371797088274102e-05,4.489701696550306916e-06,1.025055820781935558e-05,4.489701696550306916e-06,1.147682028762780596e-05
7.571166266294631387e-14,2.339722770763204050e-14,6.838796055037992385e-14,2.339722770763204050e-14,9.686983836969317473e-14,1.234451068857552839e-14,6.838796055037992385e-14,1.234451068857552839e-14,9.899105092646890846e-14
7.930869640836002608e-06,4.502317603341595343e-06,1.073465203217785952e-05,4.502317603341595343e-06,1.242544196859696114e-05,4.455615602730897754e-06,1.073465203217785952e-05,4.455615602730897754e-06,1.253080481924315792e-05
3.191642184107861295e-05,1.690377228091540299e-05,4.137656946025182643e-05,1.690377228091540299e-05,4.879016091889635729e-05,1.673553124536864383e-05,4.137656946025182643e-05,1.673553124536864383e-05,4.920939695708497608e-05
6.911086786634842809e-05,3.437751361262145428e-05,8.625529933111734037e-05,3.437751361262145428e-05,1.034256087663506770e-04,3.404737177015682920e-05,8.625529933111734037e-05,3.404737177015682920e-05,1.043233082829674561e-04
1.130433015843729618e-04,5.319105981746993973e-05,1.365226849976407275e-04,5.319105981746993973e-05,1.661349945800581415e-04,5.269553563768434261e-05,1.365226849976407275e-04,5.269553563768434261e-05,1.675880519428621840e-04
1.550990485206153009e-04,6.953625612818038456e-05,1.821424512710495189e-04,6.953625612818038456e-05,2.245029804988067526e-04,6.890466536588950395e-05,1.821424512710495189e-04,6.890466536588950395e-05,2.264778034335372496e-04
1.865127296459204848e-04,8.023091018613942571e-05,2.139431986392464847e-04,8.023091018613942571e-05,2.665887329128649496e-04,7.951708520071004422e-05,2.139431986392464847e-04,7.951708520071004422e-05,2.689436467497957573e-04
2.003295364563060664e-04,8.321248639104358684e-05,2.253427449585288227e-04,8.321248639104358684e-05,2.833795738945742767e-04,8.248421703068247964e-05,2.253427449585288227e-04,8.248421703068247964e-05,2.858903694642592240e-04
1.929278215851384275e-04,7.782190004587243915e-05,2.135371086676281986e-04,7.782190004587243915e-05,2.705965458716920956e-04,7.714941722606375948e-05,2.135371086676281986e-04,7.714941722606375948e-05,2.729990535130882813e-04
1.649106377266620514e-04,6.490883902267092934e-05,1.801051362915139474e-04,6.490883902267092934e-05,2.296909506734361097e-04,6.435320758485951092e-05,1.801051362915139474e-04,6.435320758485951092e-05,2.317329598976400622e-04
1.213380492744375129e-04,4.678506755531234391e-05,1.310545173322236862e-04,4.678506755531234391e-05,1.680300674046928593e-04,4.638719275291120191e-05,1.310545173322236862e-04,4.638719275291120191e-05,1.695249441091354866e-04
7.132887148925262178e-05,2.702551972319724129e-05,7.632329660277763813e-05,2.702551972319724129e-05,9.830045125474417406e-05,2.679661649201611344e-05,7.632329660277763813e-05,2.679661649201611344e-05,9.917516361947158036e-05
2.702988878283593124e-05,1.008696202179634430e-05,2.869050670908504516e-05,1.008696202179634430e-05,3.709664550799355258e-05,1.000171638028033234e-05,2.869050670908504516e-05,1.000171638028033234e-05,3.742672024888474123e-05
1.898685417231182253e-06,6.989911347695757267e-07,2.000984205407043134e-06,6.989911347695757267e-07,2.596261164886886452e-06,6.931244959315040513e-07,2.000984205407043134e-06,6.931244959315040513e-07,2.619401535148148206e-06
8.255835203018478571e-06,3.002199525120775146e-06,8.644436402074937321e-06,3.002199525120775146e-06,1.125204919593619741e-05,2.976473618517552396e-06,8.644436402074937321e-06,2.976473618517552396e-06,1.135165967889818923e-05
5.421250553510486864e-05,1.948278512705805732e-05,5.641602836081194576e-05,1.948278512705805732e-05,7.365622285980671382e-05,1.931528243114305187e-05,5.641602836081194576e-05,1.931528243114305187e-05,7.430770293733941800e-05
1.404158520401793133e-04,4.988772913417005214e-05,1.452568749188276739e-04,4.988772913417005214e-05,1.902032040962393477e-04,4.945506120999213265e-05,1.452568749188276739e-04,4.945506120999213265e-05,1.918818017772771947e-04
2.575292698001439167e-04,9.046914795040155431e-05,2.648576875207547528e-04,9.046914795040155431e-05,3.478158045561868263e-04,8.967479349768438430e-05,2.648576875207547528e-04,8.967479349768438430e-05,3.508764428239806291e-04
3.857648794812731561e-04,1.340126004759501085e-04,3.944686549387311559e-04,1.340126004759501085e-04,5.195060876884263811e-04,1.328170983032069636e-04,3.944686549387311559e-04,1.328170983032069636e-04,5.240614190855754154e-04
4.977289227051512333e-04,1.710221580558927859e-04,5.061066531089556796e-04,1.710221580558927859e-04,6.684035841320760734e-04,1.694664896654329638e-04,5.061066531089556796e-04,1.694664896654329638e-04,6.742404714225759934e-04
5.649548935576764177e-04,1.920737058283839016e-04,5.713637927733600588e-04,1.920737058283839016e-04,7.566370320493037488e-04,1.902857926999412493e-04,5.713637927733600588e-04,1.902857926999412493e-04,7.632136953126549992e-04
5.668028845278842449e-04,1.907752021992113289e-04,5.703109703107222660e-04,1.907752021992113289e-04,7.571879061303400183e-04,1.889518905024900532e-04,5.703109703107222660e-04,1.889518905024900532e-04,7.637355258903354887e-04
4.986234614951717348e-04,1.662679524057083071e-04,4.993408435857629030e-04,1.662679524057083071e-04,6.645502849330385065e-04,1.646317723160990840e-04,4.993408435857629030e-04,1.646317723160990840e-04,6.702649486715839483e-04
3.754519870714358252e-04,1.241305235238207496e-04,3.743706133317008114e-04,1.241305235238207496e-04,4.993270300842688825e-04,1.228702705152981173e-04,3.743706133317008114e-04,1.228702705152981173e-04,5.035957886765012959e-04
2.288834086304037492e-04,7.508440249846930214e-05,2.273273863546951582e-04,7.508440249846930214e-05,3.038127432274305385e-04,7.429724839845054142e-05,2.273273863546951582e-04,7.429724839845054142e-05,3.063945442828298329e-04
9.776801597176155479e-05,3.184133516214095628e-05,9.675066362237492784e-05,3.184133516214095628e-05,1.295432941067718442e-04,3.149699459808421480e-05,9.675066362237492784e-05,3.149699459808421480e-05,1.306378603894534118e-04
1.628709296765915330e-05,5.267567628520330715e-06,1.606162122452630943e-05,5.267567628520330715e-06,2.154362160663191760e-05,5.209323756498978244e-06,1.606162122452630943e-05,5.209323756498978244e-06,2.172503831374751241e-05
4.039366716571918966e-06,1.297748034628138086e-06,3.969667112087360863e-06,1.297748034628138086e-06,5.334481827857782388e-06,1.282021678529381020e-06,3.969667112087360863e-06,1.282021678529381020e-06,5.378339868417996381e-06
6.148150104632819620e-05,1.960337573272471023e-05,6.019685945638473412e-05,1.960337573272471023e-05,8.104420750524267609e-05,1.936534955381092349e-05,6.019685945638473412e-05,1.936534955381092349e-05,8.171177226483026786e-05
1.714568363472208413e-04,5.421832395118950408e-05,1.671884074141769655e-04,5.421832395118950408e-05,2.255618138934148669e-04,5.354232611171861955e-05,1.671884074141769655e-04,5.354232611171861955e-05,2.274090259543656411e-04
3.052405415183696131e-04,9.561224200241624012e-05,2.962554247494628579e-04,9.561224200241624012e-05,4.006514697311659885e-04,9.438622950142274944e-05,2.962554247494628579e-04,9.438622950142274944e-05,4.039105197081246804e-04
4.305268852057793686e-04,1.333775379926863775e-04,4.156077660356663982e-04,1.333775379926863775e-04,5.636214055421794175e-04,1.316183703952374703e-04,4.156077660356663982e-04,1.316183703952374703e-04,5.681729766957139237e-04
5.190351278777064099e-04,1.587519159054343390e-04,4.979464072038130738e-04,1.587519159054343390e-04,6.774472464666585723e-04,1.565981114150280355e-04,4.979464072038130738e-04,1.565981114150280355e-04,6.828759662210926069e-04
5.522459184586931422e-04,1.664471756038475038e-04,5.260769167549461493e-04,1.664471756038475038e-04,7.183333672145293279e-04,1.641240951156900123e-04,5.260769167549461493e-04,1.641240951156900123e-04,7.240429468451662276e-04
5.245675984938309722e-04,1.555160606142316174e-04,4.957913154602646647e-04,1.555160606142316174e-04,6.797439795991178741e-04,1.532829522087551506e-04,4.957913154602646647e-04,1.532829522087551506e-04,6.851008554889834829e-04
4.437227876773340205e-04,1.291921667540923383e-04,4.158171913504553579e-04,1.291921667540923383e-04,5.726295327154703237e-04,1.272839316708125547e-04,4.158171913504553579e-04,1.272839316708125547e-04,5.771028983055415161e-04
3.284445721919093068e-04,9.381287673534854823e-05,3.050442846386240605e-04,9.381287673534854823e-05,4.220476449626232320e-04,9.238872860360675251e-05,3.050442846386240605e-04,9.238872860360675251e-05,4.253162393688780904e-04
2.039055921866645262e-04,5.711043842689353151e-05,1.876703435912916731e-04,5.711043842689353151e-05,2.608865944682362426e-04,5.622160150418699023e-05,1.876703435912916731e-04,5.622160150418699023e-05,2.628912000260971542e-04
9.578129994817126413e-05,2.631502945131371034e-05,8.738363356271314339e-05,2.631502945131371034e-05,1.220357108150190611e-04,2.589790738343667094e-05,8.738363356271314339e-05,2.589790738343667094e-05,1.229682668279891123e-04
2.432651210489167562e-05,6.563610366789033054e-06,2.201443711277696684e-05,6.563610366789033054e-06,3.087454411975827938e-05,6.460406461888009488e-06,2.201443711277696684e-05,6.460406461888009488e-06,3.111141799896182650e-05
4.872880356314910972e-10,7.729325747631000546e-10,1.113955598899978403e-09,7.729325747631000546e-10,1.247356294301652416e-09,1.728295203779614595e-10,1.113955598899978403e-09,1.728295203779614595e-10,9.852246675876412279e-10
2.178066962110757437e-05,5.709567950789668839e-06,1.944701618442583115e-05,5.709567950789668839e-06,2.747773106356024545e-05,5.596197068472340136e-06,1.944701618442583115e-05,5.596197068472340136e-06,2.767151724096804681e-05
7.844816162419504394e-05,2.034884922511009654e-05,6.972298160785409004e-05,2.034884922511009654e-05,9.875126181340040390e-05,1.994916103727900286e-05,6.972298160785409004e-05,1.994916103727900286e-05,9.945286547416517674e-05
1.522130253846423330e-04,3.920753800117008205e-05,1.348633993996532017e-04,3.920753800117008205e-05,1.913316048490440208e-04,3.842148407319738982e-05,1.348633993996532017e-04,3.842148407319738982e-05,1.926844588737543836e-04
2.234706213999520293e-04,5.735882245143300308e-05,1.976771854171473729e-04,5.735882245143300308e-05,2.806987419580708439e-04,5.617454897458234677e-05,1.976771854171473729e-04,5.617454897458234677e-05,2.826677227393421246e-04
2.753914021469738632e-04,7.066734872144015832e-05,2.435528008326082509e-04,7.066734872144015832e-05,3.458973512845658470e-04,6.915711903747444615e-05,2.435528008326082509e-04,6.915711903747444615e-05,3.483002157177970417e-04
2.973150319279786887e-04,7.650144570404870579e-05,2.632218069620513860e-04,7.650144570404870579e-05,3.736414292895402453e-04,7.480160711666743623e-05,2.632218069620513860e-04,7.480160711666743623e-05,3.762077440942416108e-04
2.863436839634651214e-04,7.406454929110263476e-05,2.540521786185842242e-04,7.406454929110263476e-05,3.602382806174935729e-04,7.234875490196120606e-05,2.540521786185842242e-04,7.234875490196120606e-05,3.626816660729228429e-04
2.469947674730753806e-04,6.434595667334294254e-05,2.197920542409994270e-04,6.434595667334294254e-05,3.111922534981877847e-04,6.278185920616518060e-05,2.197920542409994270e-04,6.278185920616518060e-05,3.132710737356493710e-04
1.892155512158349225e-04,4.971131289776246779e-05,1.689689099236640034e-04,4.971131289776246779e-05,2.388109044361780221e-04,4.843652519171563943e-05,1.689689099236640034e-04,4.843652519171563943e-05,2.403780884512363744e-04
1.254585733165632002e-04,3.325851898244881879e-05,1.124506657217291898e-04,3.325851898244881879e-05,1.586378386020698313e-04,3.234680402643473038e-05,1.124506657217291898e-04,3.234680402643473038e-05,1.596545832630005466e-04
6.768707906198278147e-05,1.810457429091879016e-05,6.088678424326881530e-05,1.810457429091879016e-05,8.574656880064611192e-05,1.756065923140840232e-05,6.088678424326881530e-05,1.756065923140840232e-05,8.627721322124129596e-05
2.508938185460816829e-05,6.766889300197335067e-06,2.263385107975231892e-05,6.766889300197335067e-06,3.183744704071701239e-05,6.524657807825848144e-06,2.263385107975231892e-05,6.524657807825848144e-06,3.201944363840970615e-05
2.915920134135406141e-06,8.025630541813732281e-07,2.637032225209798011e-06,8.025630541813732281e-07,3.714707206708997783e-06,7.376403282217416897e-07,2.637032225209798011e-06,7.376403282217416897e-07,3.721000403237525734e-06
2.425219156651977475e-06,7.092327055533603485e-07,2.268562177704368977e-06,7.092327055533603485e-07,3.133405462343293613e-06,6.816099894990849283e-07,2.268562177704368977e-06,6.816099894990849283e-07,3.147556208458724362e-06
2.160941625629974277e-05,6.068991857059373030e-06,1.989021423365466840e-05,6.068991857059373030e-06,2.766854962078621374e-05,5.930959514047576930e-06,1.989021423365466840e-05,5.930959514047576930e-06,2.784971370046711376e-05
5.626901998744978473e-05,1.578848096248846260e-05,5.175999403489933226e-05,1.578848096248846260e-05,7.202940005309175261e-05,1.540636549870666645e-05,5.175999403489933226e-05,1.540636549870666645e-05,7.249622735075884330e-05
1.010979497117515811e-04,2.845141216456797086e-05,9.310356651376698828e-05,2.845141216456797086e-05,1.294964432038837442e-04,2.772250518019390433e-05,9.310356651376698828e-05,2.772250518019390433e-05,1.303211897652734562e-04
1.505510785512911929e-04,4.249081147129195747e-05,1.388009206314927922e-04,4.249081147129195747e-05,1.929606737816191441e-04,4.134502939723595918e-05,1.388009206314927922e-04,4.134502939723595918e-05,1.941662257266066338e-04
1.994399071527081619e-04,5.639892530736757685e-05,1.840237770039960933e-04,5.639892530736757685e-05,2.557288109669265757e-04,5.484670990729739921e-05,1.840237770039960933e-04,5.484670990729739921e-05,2.573162492643357897e-04
2.432693427201728026e-04,6.894480963009324279e-05,2.246503738371530593e-04,6.894480963009324279e-05,3.120774433524357784e-04,6.696318372561192928e-05,2.246503738371530593e-04,6.696318372561192928e-05,3.139770989800914360e-04
2.784171113276200159e-04,7.906792635937919997e-05,2.573067741801912060e-04,7.906792635937919997e-05,3.573259256167880490e-04,7.670796747625329500e-05,2.573067741801912060e-04,7.670796747625329500e-05,3.594612716144713043e-04
3.021520496626842059e-04,8.594770159032471819e-05,2.793740899386538403e-04,8.594770159032471819e-05,3.879241944535273307e-04,8.322921232780407361e-05,2.793740899386538403e-04,8.322921232780407361e-05,3.901699251974161272e-04
3.126450535364001522e-04,8.901666901865699119e-05,2.891284410578786831e-04,8.901666901865699119e-05,4.014768559784215015e-04,8.605244661575423525e-05,2.891284410578786831e-04,8.605244661575423525e-05,4.037317047082512270e-04
3.088817528775817290e-04,8.805839378763878481e-05,2.857732572013990842e-04,8.805839378763878481e-05,3.967538055681115805e-04,8.503666676785439325e-05,2.857732572013990842e-04,8.503666676785439325e-05,3.989421980394707848e-04
2.907890775914853307e-04,8.297045167250653881e-05,2.689937886722528620e-04,8.297045167250653881e-05,3.735797733743859302e-04,7.983082276757737564e-05,2.689937886722528620e-04,7.983082276757737564e-05,3.755002316946111081e-04
2.592154879142724382e-04,7.417777986452363118e-05,2.399636997232358886e-04,7.417777986452363118e-05,3.332278815291907486e-04,7.107989970062576974e-05,2.399636997232358886e-04,7.107989970062576974e-05,3.347984691974924655e-04
2.159313126352546696e-04,6.183587185480473474e-05,1.998037068810753732e-04,6.183587185480473474e-05,2.776231474102877606e-04,5.893473102383222219e-05,1.998037068810753732e-04,5.893473102383222219e-05,2.787816143365793014e-04
1.641292159071125825e-04,4.757282812169340942e-05,1.523627948884511655e-04,4.757282812169340942e-05,2.115848713200941861e-04,4.462910452364034225e-05,1.523627948884511655e-04,4.462910452364034225e-05,2.121088412166609685e-04
1.084888750418793374e-04,3.190016376292361446e-05,1.009462164056796094e-04,3.190016376292361446e-05,1.403019825212672099e-04,2.904741880483930710e-05,1.009462164056796094e-04,2.904741880483930710e-05,1.402114092471862998e-04
5.581925417413670962e-05,1.696374064527827558e-05,5.223264878107635844e-05,1.696374064527827558e-05,7.272602809452443631e-05,1.441303893833925312e-05,5.223264878107635844e-05,1.441303893833925312e-05,7.215974068659453502e-05
1.532603166913107823e-05,6.499047718786082613e-06,1.614780372909645342e-05,6.499047718786082613e-06,2.179355613532587372e-05,3.854343147063378833e-06,1.614780372909645342e-05,3.854343147063378833e-06,2.069891383964119383e-05
2.524616145349626140e-07,3.178393210693291033e-06,3.399509663238788991e-06,3.178393210693291033e-06,3.413750492269721354e-06,1.350531097442344447e-07,3.399509663238788991e-06,1.350531097442344447e-07,1.937800712464018561e-06
2.806929169753335438e-05,1.228827469904190480e-05,3.109862901932950873e-05,1.228827469904190480e-05,4.033515402535871005e-05,9.346560916538162070e-06,3.109862901932950873e-05,9.346560916538162070e-06,3.923700806867568897e-05
1.228280326205072174e-04,4.120567033211422790e-05,1.215337455732324419e-04,4.120567033211422790e-05,1.639744453458629424e-04,3.714317275506286587e-05,1.215337455732324419e-04,3.714317275506286587e-05,1.634347462878075737e-04
3.161589161367691801e-04,9.800505917058022719e-05,3.032028337171384326e-04,9.800505917058022719e-05,4.140205340694720474e-04,9.258388028453015596e-05,3.032028337171384326e-04,9.258388028453015596e-05,4.150918535224885539e-04
6.504452056317810635e-04,1.971446841918527587e-04,6.187571538812928519e-04,1.971446841918527587e-04,8.472936423695675255e-04,1.894620378041563132e-04,6.187571538812928519e-04,1.894620378041563132e-04,8.512039213159919510e-04
1.183463692976114041e-03,3.529965975411655885e-04,1.118204282078580575e-03,3.529965975411655885e-04,1.535914365776883377e-03,3.409919441683426458e-04,1.118204282078580575e-03,3.409919441683426458e-04,1.543987698878334248e-03
1.989673228964009173e-03,5.878093302694784418e-04,1.873900601863843010e-03,5.878093302694784418e-04,2.576552619790499921e-03,5.725589742313557740e-04,1.873900601863843010e-03,5.725589742313557740e-04,2.592576906179858663e-03
3.170010853943820185e-03,9.313953834529134198e-04,2.977598853568017186e-03,9.313953834529134198e-04,4.099908236025463261e-03,9.066186998995741549e-04,2.977598853568017186e-03,9.066186998995741549e-04,4.125176421687269668e-03
4.852880003748913026e-03,1.420745721032796571e-03,4.553802433577296485e-03,1.420745721032796571e-03,6.271310009695467078e-03,1.389144638182683491e-03,4.553802433577296485e-03,1.389144638182683491e-03,6.313168693136543032e-03
