5.360285135593573894e-09,4.132395588848370116e-09,9.452543957340723078e-09,4.132395588848370116e-09,9.496391095711081821e-09,5.251112392516092109e-09,9.452543957340723078e-09,5.251112392516092109e-09,1.005618641632760467e-08
5.208439241783363953e-09,3.937488848676482340e-09,9.058299690820399905e-09,3.937488848676482340e-09,9.150223078899207413e-09,5.005042356467721323e-09,9.058299690820399905e-09,5.005042356467721323e-09,9.684493383327489198e-09
5.038538923079834545e-09,3.723310417237930453e-09,8.623361470384963675e-09,3.723310417237930453e-09,8.766705736909886353e-09,4.734264928355468148e-09,8.623361470384963675e-09,4.734264928355468148e-09,9.272709421986230456e-09
4.849346565866521643e-09,3.489287969948185311e-09,8.146103065048583759e-09,3.489287969948185311e-09,8.344028445250400168e-09,4.437915316944804842e-09,8.146103065048583759e-09,4.437915316944804842e-09,8.818880436588325355e-09
4.639688636323199416e-09,3.235306992448084553e-09,7.625659106285954372e-09,3.235306992448084553e-09,7.880899640517967263e-09,4.115669967647754543e-09,7.625659106285954372e-09,4.115669967647754543e-09,8.321613288157335394e-09
4.408544588677577807e-09,2.961896031053512711e-09,7.062268928416168997e-09,2.961896031053512711e-09,7.376820414826015852e-09,3.767974377386691431e-09,7.062268928416168997e-09,3.767974377386691431e-09,7.780370811059459315e-09
4.155159968140799926e-09,2.670457370296255531e-09,6.457707013105551738e-09,2.670457370296255531e-09,6.832427632481750018e-09,3.396328945861581556e-09,6.457707013105551738e-09,3.396328945861581556e-09,7.195842665789660963e-09
3.879189011230322859e-09,2.363548631626346343e-09,5.815812154575440642e-09,2.363548631626346343e-09,6.249917381678611033e-09,3.003640786946468336e-09,5.815812154575440642e-09,3.003640786946468336e-09,6.570404047841839486e-09
3.580872203316230500e-09,2.045218372520283331e-09,5.143124046211281978e-09,2.045218372520283331e-09,5.633557339099655131e-09,2.594647265646572391e-09,5.143124046211281978e-09,2.594647265646572391e-09,5.908672159822025198e-09
3.261253381101112066e-09,1.721394638172752421e-09,4.449629249518526535e-09,1.721394638172752421e-09,4.990291662265958400e-09,2.176412675877749843e-09,4.449629249518526535e-09,2.176412675877749843e-09,5.218165269622896843e-09
2.922439536411136819e-09,1.400318174995266683e-09,3.749606532813491372e-09,1.400318174995266683e-09,4.330433403314088944e-09,1.758891448382718759e-09,3.749606532813491372e-09,1.758891448382718759e-09,4.510060151667945683e-09
2.567903153928853102e-09,1.093000300448664359e-09,3.062541707338309827e-09,1.093000300448664359e-09,3.668424476727140519e-09,1.355538315390666542e-09,3.062541707338309827e-09,1.355538315390666542e-09,3.800028104149488648e-09
2.202821474396485824e-09,8.136681034364459174e-10,2.414051877482473378e-09,8.136681034364459174e-10,3.023620558818967611e-09,9.839255164130992241e-10,2.414051877482473378e-09,9.839255164130992241e-10,3.109105545641495663e-09
1.834438395383842524e-09,5.801345512595849808e-10,1.836714929278688785e-09,5.801345512595849808e-10,2.421024661182030815e-09,6.662978036481538292e-10,1.836714929278688785e-09,6.662978036481538292e-10,2.464519415348920979e-09
1.472421470692269628e-09,4.139974747741396147e-10,1.370639165145023204e-09,4.139974747741396147e-10,1.891846443093833437e-09,4.299545814766984230e-10,1.370639165145023204e-09,4.299545814766984230e-10,1.900336982319199644e-09
1.129167819521786775e-09,3.405280875841365955e-10,1.063528294820137952e-09,3.405280875841365955e-10,1.473702567734013014e-09,3.072942784395937955e-10,1.063528294820137952e-09,3.072942784395937955e-10,1.457742420712166525e-09
8.199876147460074753e-10,3.880599167382294663e-10,9.699013679897319429e-10,3.880599167382294663e-10,1.210198690920568450e-09,3.352892458304600574e-10,9.699013679897319429e-10,3.352892458304600574e-10,1.184659270325225059e-09
5.630619789291855885e-10,5.866392540260888617e-10,1.149025053504869292e-09,5.866392540260888617e-10,1.149552198083857312e-09,5.540860029924280881e-10,1.149025053504869292e-09,5.540860029924280881e-10,1.134344613975290122e-09
3.790361754030565095e-10,9.656661304291981320e-10,1.661033658849430408e-09,9.656661304291981320e-10,1.341846694629100211e-09,1.004360890001383944e-09,1.661033658849430408e-09,1.004360890001383944e-09,1.362496501766047069e-09
2.900743194244309526e-10,1.550272720357714858e-09,2.560701488060568221e-09,1.550272720357714858e-09,1.834492000594083346e-09,1.723036911999113938e-09,2.560701488060568221e-09,1.723036911999113938e-09,1.922378122936325774e-09
3.181823055386199090e-10,2.356312400757394324e-09,3.888487587517479502e-09,2.356312400757394324e-09,2.665568870419552273e-09,2.737042824120836423e-09,3.888487587517479502e-09,2.737042824120836423e-09,2.857542792574862140e-09
4.826255179421705909e-10,3.384160924135588310e-09,5.658950047043516078e-09,3.384160924135588310e-09,3.855083018149326585e-09,4.055069465137851441e-09,5.658950047043516078e-09,4.055069465137851441e-09,4.192063158770172383e-09
7.963682558461779458e-10,4.612199409142697517e-09,7.847660328104761082e-09,4.612199409142697517e-09,5.394916622028278353e-09,5.657902369881543688e-09,7.847660328104761082e-09,5.657902369881543688e-09,5.918911361249305401e-09
1.261704793652726325e-09,5.992035383910547647e-09,1.037965065158770001e-08,5.992035383910547647e-09,7.239686688757622063e-09,7.489091183265624395e-09,1.037965065158770001e-08,7.489091183265624395e-09,7.988558365229263885e-09
1.865718127525631667e-09,7.449403180886669830e-09,1.312553552366874955e-08,7.449403180886669830e-09,9.303058341622854305e-09,9.449687780087259596e-09,1.312553552366874955e-08,9.449687780087259596e-09,1.030224639577504863e-08
2.576972670799793642e-09,8.897332556028971563e-09,1.591594148736593905e-08,8.897332556028971563e-09,1.146746222278385731e-08,1.140369970239548458e-08,1.591594148736593905e-08,1.140369970239548458e-08,1.271792760710614342e-08
3.345946801997308057e-09,1.027126425061898635e-08,1.859035257620509380e-08,1.027126425061898635e-08,1.361933667416871203e-08,1.320457773559173798e-08,1.859035257620509380e-08,1.320457773559173798e-08,1.508132839789285994e-08
4.112985065950493513e-09,1.159810153828578164e-08,2.110110188558171836e-08,1.159810153828578164e-08,1.572558907736679099e-08,1.475644005591939585e-08,2.110110188558171836e-08,1.475644005591939585e-08,1.729870799775227017e-08
4.828431922642115291e-09,1.310975351250184278e-08,2.369235653015023121e-08,1.310975351250184278e-08,1.796643663353067644e-08,1.612404315153500139e-08,2.369235653015023121e-08,1.612404315153500139e-08,1.946820264568100408e-08
5.488785337284399911e-09,1.540080804641074347e-08,2.715828319963530104e-08,1.540080804641074347e-08,2.092812742293917234e-08,1.769704047257913235e-08,2.715828319963530104e-08,1.769704047257913235e-08,2.207617189473852464e-08
6.187794899404317154e-09,1.960051676786941925e-08,3.313915811619565600e-08,1.960051676786941925e-08,2.582487655228730741e-08,2.038739168277542286e-08,3.313915811619565600e-08,2.038739168277542286e-08,2.623210261929643875e-08
7.169130924779888398e-09,2.747091097062139647e-08,4.432112856515939240e-08,2.747091097062139647e-08,3.464907463444822321e-08,2.578220999351540986e-08,4.432112856515939240e-08,2.578220999351540986e-08,3.384609988134832247e-08
8.845048797200959571e-09,4.125248638821581354e-08,6.425731547323210178e-08,4.125248638821581354e-08,5.003681246381695091e-08,3.608182901694948680e-08,6.425731547323210178e-08,3.608182901694948680e-08,4.753972759216328431e-08
1.171653612415686613e-08,6.298154330677717291e-08,9.636185851596910135e-08,6.298154330677717291e-08,7.451004863793993823e-08,5.354451668399383395e-08,9.636185851596910135e-08,5.354451668399383395e-08,6.994959449361256339e-08
1.611295999148857677e-08,9.298790128633990815e-08,1.415843307177430675e-07,9.298790128633990815e-08,1.087238915683586606e-07,7.911792302322084517e-08,1.415843307177430675e-07,7.911792302322084517e-08,1.020373702695647758e-07
2.170732655065786778e-08,1.275378386120416372e-07,1.946552216521915459e-07,1.275378386120416372e-07,1.486399023768195222e-07,1.101492971638470833e-07,1.946552216521915459e-07,1.101492971638470833e-07,1.402911124759522911e-07
2.692591866778894631e-08,1.563913640373911950e-07,2.400582526606496526e-07,1.563913640373911950e-07,1.825080814203321970e-07,1.378163579590806023e-07,2.400582526606496526e-07,1.378163579590806023e-07,1.736394478134510993e-07
2.871251883801793156e-08,1.626015476246436399e-07,2.513835426279236316e-07,1.626015476246436399e-07,1.904308842958596046e-07,1.464443226840340440e-07,2.513835426279236316e-07,1.464443226840340440e-07,1.827768869009069223e-07
2.356615488270446284e-08,1.289511888937580058e-07,2.010731017073027782e-07,1.289511888937580058e-07,1.517975802397039769e-07,1.189810096521414572e-07,2.010731017073027782e-07,1.189810096521414572e-07,1.471368830126309835e-07
1.104129578131126628e-08,5.678226730860900400e-08,8.983323112565742902e-08,5.678226730860900400e-08,6.750227563587333396e-08,5.443556710083054676e-08,8.983323112565742902e-08,5.443556710083054676e-08,6.646209623545134380e-08
4.170656956937935417e-10,1.190091514567828735e-09,2.220486475880669176e-09,1.190091514567828735e-09,1.607819277015454424e-09,1.631171010470464986e-09,2.220486475880669176e-09,1.631171010470464986e-09,1.827490298097684517e-09
1.948700920060550350e-08,1.186623333362597296e-07,1.823527459691313369e-07,1.186623333362597296e-07,1.375185513735154979e-07,1.061356784592591479e-07,1.823527459691313369e-07,1.061356784592591479e-07,1.315558978566570817e-07
1.215383354610528019e-07,7.079264876678257387e-07,1.099349053982255153e-06,7.079264876678257387e-07,8.256047426112475925e-07,6.521947052683827464e-07,1.099349053982255153e-06,6.521947052683827464e-07,7.994532243977752191e-07
3.838995931222683548e-07,2.205866323020822023e-06,3.442253147197067334e-06,2.205866323020822023e-06,2.577711726152868992e-06,2.062438294507837058e-06,3.442253147197067334e-06,2.062438294507837058e-06,2.511174740523596429e-06
8.911441473364926059e-07,5.090125895559101247e-06,7.968239523843515760e-06,5.090125895559101247e-06,5.953483403729725535e-06,4.807035933844691431e-06,7.968239523843515760e-06,4.807035933844691431e-06,5.823596423040607471e-06
1.699955963654894379e-06,9.658096192517033639e-06,1.515629345662138594e-05,9.658096192517033639e-06,1.130533105563167703e-05,9.190454265768300326e-06,1.515629345662138594e-05,9.190454265768300326e-06,1.109321370704559388e-05
2.790807362207135396e-06,1.571446046322598193e-05,2.471572752022471386e-05,1.571446046322598193e-05,1.841923233752705658e-05,1.504459463057531762e-05,2.471572752022471386e-05,1.504459463057531762e-05,1.811912977545644064e-05
4.021904840789891433e-06,2.229705069719616322e-05,3.515034882083916404e-05,2.229705069719616322e-05,2.619600990812477424e-05,2.145367398148785080e-05,3.515034882083916404e-05,2.145367398148785080e-05,2.582332805274671742e-05
5.110161520584071538e-06,2.765098806975384817e-05,4.370498881456463244e-05,2.765098806975384817e-05,3.260686149599295055e-05,2.671766948485832037e-05,4.370498881456463244e-05,2.671766948485832037e-05,3.220079748006720216e-05
5.668762937193396640e-06,2.964358620590261024e-05,4.699906899735406952e-05,2.964358620590261024e-05,3.514413961761496917e-05,2.874760281189383404e-05,4.699906899735406952e-05,2.874760281189383404e-05,3.476126893478932939e-05
5.326906525983010997e-06,2.664912219217788325e-05,4.240662118262793922e-05,2.664912219217788325e-05,3.182151878245719780e-05,2.592778537243958898e-05,4.240662118262793922e-05,2.592778537243958898e-05,3.151983329418289053e-05
3.938992074559415864e-06,1.867138306498603026e-05,2.984177814736652717e-05,1.867138306498603026e-05,2.249929202183792020e-05,1.822236981974988262e-05,2.984177814736652717e-05,1.822236981974988262e-05,2.231660035174073712e-05
1.853858644722635422e-06,8.252321699883825309e-06,1.325968037866346656e-05,8.252321699883825309e-06,1.005562366789408171e-05,8.083009278086042808e-06,1.325968037866346656e-05,8.083009278086042808e-06,9.989710098647704324e-06
1.636950765900617813e-07,6.747838007536831186e-07,1.094046714857593619e-06,6.747838007536831186e-07,8.342159105019670784e-07,6.688183158915436866e-07,1.094046714857593619e-06,6.688183158915436866e-07,8.327598756224473728e-07
8.052884519060874217e-07,3.140590429432852849e-06,5.086724508208433955e-06,3.140590429432852849e-06,3.925284982459596981e-06,3.056521627829842918e-06,5.086724508208433955e-06,3.056521627829842918e-06,3.890895901191072574e-06
6.372737157233230513e-06,2.291528299791948121e-05,3.742179065295900406e-05,2.291528299791948121e-05,2.913219783361845647e-05,2.242386933099454549e-05,3.742179065295900406e-05,2.242386933099454549e-05,2.894326874181150282e-05
1.954590805451768040e-05,6.477231723874189067e-05,1.066121032226748213e-04,6.477231723874189067e-05,8.386071376894520734e-05,6.352900345319993278e-05,1.066121032226748213e-04,6.352900345319993278e-05,8.340392042516929668e-05
4.214701316844376072e-05,1.283805507916531321e-04,2.131082233473559297e-04,1.283805507916531321e-04,1.695841979981961209e-04,1.261196917595743493e-04,2.131082233473559297e-04,1.261196917595743493e-04,1.687905983566333266e-04
7.398984246557214312e-05,2.065206018310727107e-04,3.460398907481778254e-04,2.065206018310727107e-04,2.789291546949905129e-04,2.031492745873838526e-04,3.460398907481778254e-04,2.031492745873838526e-04,2.778035250436944716e-04
1.118529017576753662e-04,2.850934383474218806e-04,4.827019049161233562e-04,2.850934383474218806e-04,3.946676452204182935e-04,2.807567064552103100e-04,4.827019049161233562e-04,2.807567064552103100e-04,3.933004368778203431e-04
1.490533670360098860e-04,3.456244910668822496e-04,5.920808090595357665e-04,3.456244910668822496e-04,4.917883590233089680e-04,3.407140966747597682e-04,5.920808090595357665e-04,3.407140966747597682e-04,4.903424379918268914e-04
1.761615672954558736e-04,3.702314132442925177e-04,6.426491995953305175e-04,3.702314132442925177e-04,5.431486806295449370e-04,3.653201672584107133e-04,6.426491995953305175e-04,3.653201672584107133e-04,5.418197284177583188e-04
1.832650668051719100e-04,3.479206436417690493e-04,6.129355973570721179e-04,3.479206436417690493e-04,5.279835794121983316e-04,3.436266050925102021e-04,6.129355973570721179e-04,3.436266050925102021e-04,5.269430729363447754e-04
1.637392158709420923e-04,2.800650101010726707e-04,5.016311543334951977e-04,2.800650101010726707e-04,4.410921971155190276e-04,2.768777747729396781e-04,5.016311543334951977e-04,2.768777747729396781e-04,4.404318745479434208e-04
1.186842594696441931e-04,1.826198208843411816e-04,3.331500605238078556e-04,1.826198208843411816e-04,2.994410737188683662e-04,1.807440646846020379e-04,3.331500605238078556e-04,1.807440646846020379e-04,2.991421754052462256e-04
6.029084858948326241e-05,8.345084919855496307e-05,1.553297150970325087e-04,8.345084919855496307e-05,1.428443964400960998e-04,8.272628571125303053e-05,1.553297150970325087e-04,8.272628571125303053e-05,1.427889663002536284e-04
1.194040250691555499e-05,1.491153967413551935e-05,2.836999643674336760e-05,1.491153967413551935e-05,2.668325881618068449e-05,1.484681855788335898e-05,2.836999643674336760e-05,1.484681855788335898e-05,2.670825899453693658e-05
3.432229125708720963e-06,3.815958746552679293e-06,7.416435785577792883e-06,3.815958746552679293e-06,7.202130443725453693e-06,3.732570106828743638e-06,7.416435785577792883e-06,3.732570106828743638e-06,7.176498188262957585e-06
6.154182543386490817e-05,6.228315146758561197e-05,1.240967976834510299e-04,6.228315146758561197e-05,1.230379314801143085e-04,6.152192087393593947e-05,1.240967976834510299e-04,6.152192087393593947e-05,1.229288241748153218e-04
1.985802872062328490e-04,1.828719190566613730e-04,3.734774378024813767e-04,1.828719190566613730e-04,3.790265166799344321e-04,1.809902701615368999e-04,3.734774378024813767e-04,1.809902701615368999e-04,3.789229786792089241e-04
4.035164762755805829e-04,3.398991996976326226e-04,7.115713923179483452e-04,3.398991996976326226e-04,7.386942316342616022e-04,3.367937580116716592e-04,7.115713923179483452e-04,3.367937580116716592e-04,7.387752344085907370e-04
6.402644034422114768e-04,4.965148483952031401e-04,1.065072409677031038e-03,4.965148483952031401e-04,1.129580756886445917e-03,4.924359390839720945e-04,1.065072409677031038e-03,4.924359390839720945e-04,1.130040712194361118e-03
8.554100300878257016e-04,6.150767094127733078e-04,1.350776572262712841e-03,6.150767094127733078e-04,1.461215706102190039e-03,6.105410301693489335e-04,1.350776572262712841e-03,6.105410301693489335e-04,1.462180032339638336e-03
9.937307970875812295e-04,6.674618696435968791e-04,1.498821835039869290e-03,6.674618696435968791e-04,1.650776963338007088e-03,6.630994309973933755e-04,1.498821835039869290e-03,6.630994309973933755e-04,1.652243287418973458e-03
1.016201374815880803e-03,6.422982210045056258e-04,1.472561170257058721e-03,6.422982210045056258e-04,1.648167200110446521e-03,6.386818954309703578e-04,1.472561170257058721e-03,6.386818954309703578e-04,1.649994458060602366e-03
9.136890735100373310e-04,5.472865853634399213e-04,1.278916935191549151e-03,5.472865853634399213e-04,1.451938019158322121e-03,5.447896070643663911e-04,1.278916935191549151e-03,5.447896070643663911e-04,1.453884585836242487e-03
7.110328230941567480e-04,4.062869010350946865e-04,9.660662468385811672e-04,4.062869010350946865e-04,1.110460431519099929e-03,4.050012665308447518e-04,9.660662468385811672e-04,4.050012665308447518e-04,1.112253987978626107e-03
4.599661152300216172e-04,2.522941638901052839e-04,6.093726724975601951e-04,2.522941638901052839e-04,7.079234809839460903e-04,2.520255164672841009e-04,6.093726724975601951e-04,2.520255164672841009e-04,7.093365237178259151e-04
2.236540231965564347e-04,1.185363690096494205e-04,2.902980474048267863e-04,1.185363690096494205e-04,3.401263794628123032e-04,1.188714561445777649e-04,2.902980474048267863e-04,1.188714561445777649e-04,3.410334226030781006e-04
5.858680357843043209e-05,3.035680461698070433e-05,7.516211536050177355e-05,3.035680461698070433e-05,8.841469846443960354e-05,3.078157391784752710e-05,7.516211536050177355e-05,3.078157391784752710e-05,8.881718247824230139e-05
2.931193967285151241e-09,7.400960500316776637e-08,1.302796753728388744e-07,7.400960500316776637e-08,7.696740581661301990e-08,1.088162561804660889e-07,1.302796753728388744e-07,1.088162561804660889e-07,9.437028095222673717e-08
5.493370219720615424e-05,2.580403893368845596e-05,6.595605850679405813e-05,2.580403893368845596e-05,8.025153866595007598e-05,2.512117028942780102e-05,6.595605850679405813e-05,2.512117028942780102e-05,8.008715165631322044e-05
2.036285313502445883e-04,9.384665573900142404e-05,2.422626599722135224e-04,9.384665573900142404e-05,2.957066185082522823e-04,9.234421977123984408e-05,2.422626599722135224e-04,9.234421977123984408e-05,2.956010375308886526e-04
4.072546217402504983e-04,1.833003492742471215e-04,4.783089150540457621e-04,1.833003492742471215e-04,5.870756359306834914e-04,1.811209094478470009e-04,4.783089150540457621e-04,1.811209094478470009e-04,5.872602656721154224e-04
6.184886506031811839e-04,2.713530196546022209e-04,7.162185295949389944e-04,2.713530196546022209e-04,8.846427802968692645e-04,2.688491230320276949e-04,7.162185295949389944e-04,2.688491230320276949e-04,8.853016802821184108e-04
7.919428889768990532e-04,3.380306178611038742e-04,9.033164374413550938e-04,3.380306178611038742e-04,1.123428115525591580e-03,3.356885304984657419e-04,9.033164374413550938e-04,3.356885304984657419e-04,1.124671916780670957e-03
8.925263526101048913e-04,3.697039584804459253e-04,1.001571799372347974e-03,3.697039584804459253e-04,1.254987212865549566e-03,3.680409808313099768e-04,1.001571799372347974e-03,3.680409808313099768e-04,1.256839357922639056e-03
9.009850653726312253e-04,3.610615556293602616e-04,9.933306298533369719e-04,3.610615556293602616e-04,1.254882517647788699e-03,3.605132104180280763e-04,9.933306298533369719e-04,3.605132104180280763e-04,1.257276289222185144e-03
8.165302866744178099e-04,3.154689857693404598e-04,8.831730572083895106e-04,3.154689857693404598e-04,1.125656645279760016e-03,3.162826994853736810e-04,8.831730572083895106e-04,3.162826994853736810e-04,1.128441142409066520e-03
6.566299224522978602e-04,2.437419268479388483e-04,6.959742446836751509e-04,2.437419268479388483e-04,8.954096837343785819e-04,2.458948549576186722e-04,6.959742446836751509e-04,2.458948549576186722e-04,8.983635394466713648e-04
4.539665755238751765e-04,1.615080780160445923e-04,4.714348727910022446e-04,1.615080780160445923e-04,6.121581356741639772e-04,1.646676084142142873e-04,4.714348727910022446e-04,1.646676084142142873e-04,6.150107179163685333e-04
2.506020909793874865e-04,8.560302004785299917e-05,2.557697640238275317e-04,8.560302004785299917e-05,3.344564648351691194e-04,8.914618303966479504e-05,2.557697640238275317e-04,8.914618303966479504e-05,3.369167114733901693e-04
8.979514480663574770e-05,3.026748952123382418e-05,9.192843050696131559e-05,3.026748952123382418e-05,1.194856915719261486e-04,3.336673316924048001e-05,9.192843050696131559e-05,3.336673316924048001e-05,1.212778073429710793e-04
6.710431962188293577e-06,4.090194272133498115e-06,1.037949789175608318e-05,4.090194272133498115e-06,1.077609984662241984e-05,5.857182618207339964e-06,1.037949789175608318e-05,5.857182618207339964e-06,1.167888949081799739e-05
2.010053678700752399e-05,8.487812652233100945e-06,2.268144516185412096e-05,8.487812652233100945e-06,2.841869571215979872e-05,8.148730505538125560e-06,2.268144516185412096e-05,8.148730505538125560e-06,2.830244120873670504e-05
1.273553240343114031e-04,3.803469583625220657e-05,1.195009466855733213e-04,3.803469583625220657e-05,1.644587949018428655e-04,3.509833940068902622e-05,1.195009466855733213e-04,3.509833940068902622e-05,1.633123217412487261e-04
3.046547348294966905e-04,8.237044342053812039e-05,2.735374308452261072e-04,8.237044342053812039e-05,3.849318878795671009e-04,7.675025272577378887e-05,2.735374308452261072e-04,7.675025272577378887e-05,3.828739129789491603e-04
5.124384027504386195e-04,1.290040238590969899e-04,4.464412147788315507e-04,1.290040238590969899e-04,6.380817071340427055e-04,1.210671562690487517e-04,4.464412147788315507e-04,1.210671562690487517e-04,6.353541295606644724e-04
7.047125828246887094e-04,1.662363186468045792e-04,5.978234151848020508e-04,1.662363186468045792e-04,8.665189104388787335e-04,1.567704479009258533e-04,5.978234151848020508e-04,1.567704479009258533e-04,8.634632650593359942e-04
8.396476612554648871e-04,1.855741382447929552e-04,6.941491250117021866e-04,1.855741382447929552e-04,1.020164692962708753e-03,1.756789836105303944e-04,6.941491250117021866e-04,1.756789836105303944e-04,1.017185076216694942e-03
8.888162742310676051e-04,1.832475220994319004e-04,7.156107318085848552e-04,1.832475220994319004e-04,1.066955847847664979e-03,1.741698887254362394e-04,7.156107318085848552e-04,1.741698887254362394e-04,1.064472359412502699e-03
8.430517353151512593e-04,1.606517929690907715e-04,6.597063670697078837e-04,1.606517929690907715e-04,9.991214641473743479e-04,1.535903225501063056e-04,6.597063670697078837e-04,1.535903225501063056e-04,9.975185391168758971e-04
7.138298887379989103e-04,1.237022687955074474e-04,5.409595787293422628e-04,1.237022687955074474e-04,8.339255245519300048e-04,1.196134319953962775e-04,5.409595787293422628e-04,1.196134319953962775e-04,8.335007272400655164e-04
5.300360904697206960e-04,8.125953415992755537e-05,3.869499470566720016e-04,8.125953415992755537e-05,6.088927308735401665e-04,8.069872013116057355e-05,3.869499470566720016e-04,8.069872013116057355e-05,6.098131629246115841e-04
3.309421625322453431e-04,4.298080141597866944e-05,2.316004253278752334e-04,4.298080141597866944e-05,3.726900034483814029e-04,4.600881731167626821e-05,2.316004253278752334e-04,4.600881731167626821e-05,3.749641128465116321e-04
1.571348659038201805e-04,1.712072596291892168e-05,1.073740324619454367e-04,1.712072596291892168e-05,1.739155451132275783e-04,2.329435401755368306e-05,1.073740324619454367e-04,2.329435401755368306e-05,1.773865514205420931e-04
4.173287894436514544e-05,8.837995575646290014e-06,3.837593612379643830e-05,8.837995575646290014e-06,5.067353159908604776e-05,1.728393324284639503e-05,3.837593612379643830e-05,1.728393324284639503e-05,5.503623610692600894e-05
4.126664761356844168e-06,1.939492016368379190e-05,3.605052061156488729e-05,1.939492016368379190e-05,2.354359617183335418e-05,2.894594237721588584e-05,3.605052061156488729e-05,2.894594237721588584e-05,2.838058618922145718e-05
4.756404993009602164e-05,4.632562381545170873e-05,9.824269326180076170e-05,4.632562381545170873e-05,9.333852149027851107e-05,5.568625772208052202e-05,9.824269326180076170e-05,5.568625772208052202e-05,9.816811413890638770e-05
1.605603135250600205e-04,8.434756788120353877e-05,2.112728897853770305e-04,8.434756788120353877e-05,2.434073036949732042e-04,9.225503962379222019e-05,2.112728897853770305e-04,9.225503962379222019e-05,2.477339828512043212e-04
3.209834878606144279e-04,1.266340016011962611e-04,3.538809672318611664e-04,1.266340016011962611e-04,4.449612885745038221e-04,1.319910503700977723e-04,3.538809672318611664e-04,1.319910503700977723e-04,4.483218768698288151e-04
5.012152654931210363e-04,1.660856090857119947e-04,5.017019395112739134e-04,1.660856090857119947e-04,6.634723829514229797e-04,1.680560515625104513e-04,5.017019395112739134e-04,1.680560515625104513e-04,6.654748791641642040e-04
6.730247116811436357e-04,1.963779238270471899e-04,6.312619977475937864e-04,1.963779238270471899e-04,8.645645624166485837e-04,1.944479622267754890e-04,6.312619977475937864e-04,1.944479622267754890e-04,8.649199860251372083e-04
8.113897094109807310e-04,2.127095278290679959e-04,7.230034896868313974e-04,2.127095278290679959e-04,1.018561844392740267e-03,2.067257495299942198e-04,7.230034896868313974e-04,2.067257495299942198e-04,1.017112120880354475e-03
8.970958475926629283e-04,2.122880129160678304e-04,7.633090112713468043e-04,2.122880129160678304e-04,1.103559178924718191e-03,2.024822182593612175e-04,7.633090112713468043e-04,2.024822182593612175e-04,1.100303589769218012e-03
9.183231217708319937e-04,1.946344767384022346e-04,7.457520252258649333e-04,1.946344767384022346e-04,1.107305339854943935e-03,1.816467230238869794e-04,7.457520252258649333e-04,1.816467230238869794e-04,1.102429256317362773e-03
8.715726604450870028e-04,1.617825704009732979e-04,6.718603133052874566e-04,1.617825704009732979e-04,1.028323676816043355e-03,1.466853661866578964e-04,6.718603133052874566e-04,1.466853661866578964e-04,1.022229806656345169e-03
7.622409328310120538e-04,1.184151045103094883e-04,5.516088001349501394e-04,1.184151045103094883e-04,8.766195104656249876e-04,1.027378818234513796e-04,5.516088001349501394e-04,1.027378818234513796e-04,8.699605380489578441e-04
6.050068283674626783e-04,7.191704481400933808e-05,4.036904853814074360e-04,7.191704481400933808e-05,6.741179360762263083e-04,5.766577965843050610e-05,4.036904853814074360e-04,5.766577965843050610e-05,6.678274833662738337e-04
4.239993973890540538e-04,3.227420252344886058e-05,2.554364495843096123e-04,3.227420252344886058e-05,4.547301356909418048e-04,2.192804591327934040e-05,2.554364495843096123e-04,2.192804591327934040e-05,4.500421725549282981e-04
2.524991738146560778e-04,1.169850290380913239e-05,1.420792697636490338e-04,1.169850290380913239e-05,2.636844929756070911e-04,8.159733505792760879e-06,1.420792697636490338e-04,8.159733505792760879e-06,2.621277724959959559e-04
1.317323900745167599e-04,2.378422442913671075e-05,1.048529829857456220e-04,2.378422442913671075e-05,1.554898775891239040e-04,3.027328722335967585e-05,1.048529829857456220e-04,3.027328722335967585e-05,1.588505433606426519e-04
1.082038625917271663e-04,8.211445177867763971e-05,1.875077063798473074e-04,8.211445177867763971e-05,1.899000521936424824e-04,1.019559999616556428e-04,1.875077063798473074e-04,1.019559999616556428e-04,2.001214007973577222e-04
2.290769524662086463e-04,1.982461108050383614e-04,4.309327386335845534e-04,1.982461108050383614e-04,4.253184108232229300e-04,2.345863943105921327e-04,4.309327386335845534e-04,2.345863943105921327e-04,4.443532682055406548e-04
5.354958063767450895e-04,3.793120801405101437e-04,8.661549035238790342e-04,3.793120801405101437e-04,9.097752216575992132e-04,4.347289089222844990e-04,8.661549035238790342e-04,4.347289089222844990e-04,9.393673925038425587e-04
1.054466453506730213e-03,6.256937696668421695e-04,1.506778900133621570e-03,6.256937696668421695e-04,1.670539652463467984e-03,7.018122941339215463e-04,1.506778900133621570e-03,7.018122941339215463e-04,1.711989462100583842e-03
1.790881715346514039e-03,9.294530111976288768e-04,2.342655076466082075e-03,9.294530111976288768e-04,2.704626425461660166e-03,1.026593071322968705e-03,2.342655076466082075e-03,1.026593071322968705e-03,2.758556201701944759e-03
2.721921688478289979e-03,1.274181918065274291e-03,3.336920507255858575e-03,1.274181918065274291e-03,3.973070928855296918e-03,1.391140135902190671e-03,3.336920507255858575e-03,1.391140135902190671e-03,4.039250346212790513e-03
3.796065168590675651e-03,1.636499487141740384e-03,4.427864584052211214e-03,1.636499487141740384e-03,5.401424681558040196e-03,1.770547044849813886e-03,4.427864584052211214e-03,1.770547044849813886e-03,5.478708654878657915e-03
4.937718609202688957e-03,1.988965177801251243e-03,5.535699877234905204e-03,1.988965177801251243e-03,6.887246947978929376e-03,2.135989002611391602e-03,5.535699877234905204e-03,2.135989002611391602e-03,6.973602323800630158e-03
6.056644778646788456e-03,2.303618566718234738e-03,6.572735599811086772e-03,2.303618566718234738e-03,8.312995902470001613e-03,2.458526386736539435e-03,6.572735599811086772e-03,2.458526386736539435e-03,8.405685480920426292e-03
7.059753991499815619e-03,2.555331692067686674e-03,7.454240199113669127e-03,2.555331692067686674e-03,9.561089140460379485e-03,2.712300788820412589e-03,7.454240199113669127e-03,2.712300788820412589e-03,9.656804557041050174e-03
7.862274564714102562e-03,2.724134940690609626e-03,8.107736891442630586e-03,2.724134940690609626e-03,1.052733041922670858e-02,2.877279415078467205e-03,8.107736891442630586e-03,2.877279415078467205e-03,1.062255667638048982e-02
8.396065233996876861e-03,2.796670124256368014e-03,8.479157773075139681e-03,2.796670124256368014e-03,1.113062997000227421e-02,2.940331511890411156e-03,8.479157773075139681e-03,2.940331511890411156e-03,1.122183600217883416e-02
8.614387913025170485e-03,2.766531117920441232e-03,8.535757224209690464e-03,2.766531117920441232e-03,1.131809755885899473e-02,2.895597181611911462e-03,8.535757224209690464e-03,2.895597181611911462e-03,1.140194723006418900e-02
8.493587852562546961e-03,2.634202290905915660e-03,8.266866851968321731e-03,2.634202290905915660e-03,1.106665825972601158e-02,2.744441554586965568e-03,8.266866851968321731e-03,2.744441554586965568e-03,1.114023008612836235e-02
8.033140463961193495e-03,2.407157332410158907e-03,7.684093779106817602e-03,2.407157332410158907e-03,1.038320246006712438e-02,2.495609333431449313e-03,7.684093779106817602e-03,2.495609333431449313e-03,1.044423597274019705e-02
7.255510567175116506e-03,2.099668949353783801e-03,6.821071116091299499e-03,2.099668949353783801e-03,9.304256608684459071e-03,2.165246633045777268e-03,6.821071116091299499e-03,2.165246633045777268e-03,9.351504706516404475e-03
6.207006793564671596e-03,1.734041322174963108e-03,5.735543850391273089e-03,1.734041322174963108e-03,7.898061883924740317e-03,1.777747890056999769e-03,5.735543850391273089e-03,1.777747890056999769e-03,7.931453893952293902e-03
4.960456630331786139e-03,1.342413188016338375e-03,4.513574047654506441e-03,1.342413188016338375e-03,6.269028877952678713e-03,1.367872486688634717e-03,4.513574047654506441e-03,1.367872486688634717e-03,6.289999116735361072e-03
3.620929387855188666e-03,9.684927014415067089e-04,3.275761256517536676e-03,9.684927014415067089e-04,4.565152801496656643e-03,9.839715890866411636e-04,3.275761256517536676e-03,9.839715890866411636e-04,4.577730504876736245e-03
2.333958239387344275e-03,6.720793323643591390e-04,2.187174717665201201e-03,6.720793323643591390e-04,2.990691709662883328e-03,6.905549641720135122e-04,2.187174717665201201e-03,6.905549641720135122e-04,3.001636781802295012e-03
1.298544873236639032e-03,5.344360724197359021e-04,1.473107726849718193e-03,5.344360724197359021e-04,1.824450014907144342e-03,5.760073463799077371e-04,1.473107726849718193e-03,5.760073463799077371e-04,1.844593563010697582e-03
7.836729810678748484e-04,6.638990422988727590e-04,1.435452316301920458e-03,6.638990422988727590e-04,1.441774265109357477e-03,7.575456192955381217e-04,1.435452316301920458e-03,7.575456192955381217e-04,1.487077894141586570e-03
1.152638523289375907e-03,1.206656980679275595e-03,2.482248459551300059e-03,1.206656980679275595e-03,2.349492974369408842e-03,1.394348965489122794e-03,2.482248459551300059e-03,1.394348965489122794e-03,2.443342560322626662e-03
2.892310712370725709e-03,2.358703496332930239e-03,5.159406935304198735e-03,2.358703496332930239e-03,5.226905842579549107e-03,2.697736404805980027e-03,5.159406935304198735e-03,2.697736404805980027e-03,5.401596534649623881e-03
6.655126510145375519e-03,4.379723966091680042e-03,1.019558004415309707e-02,4.379723966091680042e-03,1.098137129246502634e-02,4.951003095886060204e-03,1.019558004415309707e-02,4.951003095886060204e-03,1.128266987044567252e-02
1.330991395167179653e-02,7.615994337539724532e-03,1.855857111163619275e-02,7.615994337539724532e-03,2.082164472450043560e-02,8.525444291563736773e-03,1.855857111163619275e-02,8.525444291563736773e-03,2.131004879624979337e-02
2.401227177373210439e-02,1.252884472479920061e-02,3.154070856183643912e-02,1.252884472479920061e-02,3.635622082784277509e-02,1.392356315141466544e-02,3.154070856183643912e-02,1.392356315141466544e-02,3.711576490957417540e-02
4.029394913330565375e-02,1.971881739949425325e-02,5.083464622666624549e-02,1.971881739949425325e-02,5.970621865336091932e-02,2.179267620221598395e-02,5.083464622666624549e-02,2.179267620221598395e-02,6.084823213531625336e-02
6.417884569638014625e-02,2.998819340721286739e-02,7.869203761680605702e-02,2.998819340721286739e-02,9.368305857674597004e-02,3.300081619265621963e-02,7.869203761680605702e-02,3.300081619265621963e-02,9.535690893024964532e-02
9.833628927920810836e-02,4.438409665634385909e-02,1.180668545307297090e-01,4.438409665634385909e-02,1.419837382028760475e-01,4.868337740474638908e-02,1.180668545307297090e-01,4.868337740474638908e-02,1.443897308156155135e-01
1.462777778920339444e-01,6.429982505681140770e-02,1.728629819054916805e-01,6.429982505681140770e-02,2.094874673908208307e-01,7.033823502240087178e-02,1.728629819054916805e-01,7.033823502240087178e-02,2.128871422036101857e-01
2.126171408405502783e-01,9.151993079961036337e-02,2.481489250339019847e-01,9.151993079961036337e-02,3.025590395633350194e-01,9.990397931320212088e-02,2.481489250339019847e-01,9.990397931320212088e-02,3.073026986005377714e-01
3.033981692637642280e-01,1.284351681518523802e-01,3.506368651214770704e-01,1.284351681518523802e-01,4.295889806363031860e-01,1.399593832379105451e-01,3.506368651214770704e-01,1.399593832379105451e-01,4.361363209917413220e-01
4.265353723101364958e-01,1.781257927930701424e-01,4.890391823458912768e-01,1.781257927930701424e-01,6.015144471989417596e-01,1.938276325526484822e-01,4.890391823458912768e-01,1.938276325526484822e-01,6.104667676488836348e-01
5.923800515418263801e-01,2.446594793115929034e-01,6.748047951708570080e-01,2.446594793115929034e-01,8.326791194560485554e-01,2.658852176801708156e-01,6.748047951708570080e-01,2.658852176801708156e-01,8.448184433689160944e-01
8.144421294791717170e-01,3.332745458952138806e-01,9.227896446131925723e-01,3.332745458952138806e-01,1.141732930546321301e+00,3.618121748511860525e-01,9.227896446131925723e-01,3.618121748511860525e-01,1.158096493219647583e+00
1.110354637814710443e+00,4.508733087861658273e-01,1.252482472142360193e+00,4.508733087861658273e-01,1.553083000907387712e+00,4.890892493225637017e-01,1.252482472142360193e+00,4.890892493225637017e-01,1.575042060932115628e+00
1.503089625787634720e+00,6.063507816277016182e-01,1.689085177204557420e+00,6.063507816277016182e-01,2.098429279466561326e+00,6.572811919205608922e-01,1.689085177204557420e+00,6.572811919205608922e-01,2.127748355035250505e+00
2.022584142428489606e+00,8.113994677879452500e-01,2.265644579470551978e+00,8.113994677879452500e-01,2.819183683807825691e+00,8.790593502274871573e-01,2.265644579470551978e+00,8.790593502274871573e-01,2.858192767879101925e+00
