1.280253256434915493e-13,9.661234771557237436e-14,2.095236216715240660e-13,9.661234771557237436e-14,2.245615106964439924e-13,9.691059984607311179e-14,2.095236216715240660e-13,9.691059984607311179e-14,2.248221135733203894e-13
1.084825189768198868e-13,8.187279591764271700e-14,1.775476931657654154e-13,8.187279591764271700e-14,1.902907982296416102e-13,8.211587552896747327e-14,1.775476931657654154e-13,8.211587552896747327e-14,1.905067833177743701e-13
8.842132784992840556e-14,6.673519739866360797e-14,1.447177146640306805e-13,6.673519739866360797e-14,1.551039604632286751e-13,6.693110310637253704e-14,1.447177146640306805e-13,6.693110310637253704e-14,1.552788742937416189e-13
6.832468063055049004e-14,5.157649008865862607e-14,1.118378705789823771e-13,5.157649008865862607e-14,1.198605757014376079e-13,5.172457199803933662e-14,1.118378705789823771e-13,5.172457199803933662e-14,1.199940664288295987e-13
4.886487885745275705e-14,3.689274316112843027e-14,7.998990871595567975e-14,3.689274316112843027e-14,8.572861342668483718e-14,3.699065466482494547e-14,7.998990871595567975e-14,3.699065466482494547e-14,8.582006433826889056e-14
3.094869326151254475e-14,2.337451521458349200e-14,5.067377343003082633e-14,2.337451521458349200e-14,5.430486232560429646e-14,2.343505679139764144e-14,5.067377343003082633e-14,2.343505679139764144e-14,5.436202261788864859e-14
1.576518807730725845e-14,1.191705416051461961e-14,2.582328352219089665e-14,1.191705416051461961e-14,2.767292429243975355e-14,1.193768477081757335e-14,2.582328352219089665e-14,1.193768477081757335e-14,2.769690876242574026e-14
4.835458409348819163e-15,3.669752623306306608e-15,7.936511866426485852e-15,3.669752623306306608e-15,8.502380595438748473e-15,3.664253543183156784e-15,7.936511866426485852e-15,3.664253543183156784e-15,8.503790795992328577e-15
5.727860037370024462e-17,6.242447814710324800e-17,1.140594583943804906e-16,6.242447814710324800e-17,1.196878124713119173e-16,4.546216788656493734e-17,1.140594583943804906e-16,4.546216788656493734e-17,1.112238226560160907e-16
3.736092937261691625e-15,2.834615911343455608e-15,6.126347084470628951e-15,2.834615911343455608e-15,6.568462787948782314e-15,2.821667190258130739e-15,6.126347084470628951e-15,2.821667190258130739e-15,6.565237969925015353e-15
1.858786945933298787e-14,1.403447587261288400e-14,3.042276849509853090e-14,1.403447587261288400e-14,3.261120293720149438e-14,1.406066419894542000e-14,3.042276849509853090e-14,1.406066419894542000e-14,3.264052392522514387e-14
4.769218636170267174e-14,3.599028850761069177e-14,7.804428147350197629e-14,3.599028850761069177e-14,8.365393955180424594e-14,3.608681132534841434e-14,7.804428147350197629e-14,3.608681132534841434e-14,8.374383176486527391e-14
9.436634328664455170e-14,7.120286892202431478e-14,1.544193676623174494e-13,7.120286892202431478e-14,1.655128123923969001e-13,7.141521878000480208e-14,1.544193676623174494e-13,7.141521878000480208e-14,1.657013415362609744e-13
1.619183920321576484e-13,1.221812685074185223e-13,2.649776964149174188e-13,1.221812685074185223e-13,2.840029576297591142e-13,1.225560929717108170e-13,2.649776964149174188e-13,1.225560929717108170e-13,2.843316465984365270e-13
2.532282205258464649e-13,1.911015625491100945e-13,4.144405443172905615e-13,1.911015625491100945e-13,4.441786331035158114e-13,1.917000375185073609e-13,4.144405443172905615e-13,1.917000375185073609e-13,4.446987767733383760e-13
3.700946246652254409e-13,2.793253037919368327e-13,6.057603662232060176e-13,2.793253037919368327e-13,6.491991240022638734e-13,2.802174560620032505e-13,6.057603662232060176e-13,2.802174560620032505e-13,6.499680080285350163e-13
5.122884655374894550e-13,3.867155399189840732e-13,8.386089816781931094e-13,3.867155399189840732e-13,8.986984894151271191e-13,3.879563743379913841e-13,8.386089816781931094e-13,3.879563743379913841e-13,8.997656862911267757e-13
6.762686779887829315e-13,5.106175791138346604e-13,1.107220115957754573e-12,5.106175791138346604e-13,1.186483096380243080e-12,5.122589189909206571e-13,1.107220115957754573e-12,5.122589189909206571e-13,1.187893499177647672e-12
8.535798428634928010e-13,6.446854396548569361e-13,1.397810125208959181e-12,6.446854396548569361e-13,1.497756596402554285e-12,6.467632658665964446e-13,1.397810125208959181e-12,6.467632658665964446e-13,1.499539803077056116e-12
1.029079532676441286e-12,7.775346131493249233e-13,1.685658294301478985e-12,7.775346131493249233e-13,1.806001082829735031e-12,7.800438485483962500e-13,1.685658294301478985e-12,7.800438485483962500e-13,1.808152967720470756e-12
1.179402050338314826e-12,8.915488757583909617e-13,1.932551027432269728e-12,8.915488757583909617e-13,2.070248552553996841e-12,8.944328729020585268e-13,1.932551027432269728e-12,8.944328729020585268e-13,2.072718838668648093e-12
1.272519558731749098e-12,9.625540861526295219e-13,2.086059425883189959e-12,9.625540861526295219e-13,2.234316080837366197e-12,9.656702462058495627e-13,2.086059425883189959e-12,9.656702462058495627e-13,2.236983604244165257e-12
1.270015363157822878e-12,9.614639741247252742e-13,2.083168006814994407e-12,9.614639741247252742e-13,2.230723539574799231e-12,9.645808214186237820e-13,2.083168006814994407e-12,9.645808214186237820e-13,2.233389208854067748e-12
1.134840947215686614e-12,8.600779411715502286e-13,1.862872326853274178e-12,8.600779411715502286e-13,1.994243802127185787e-12,8.628638772674729438e-13,1.862872326853274178e-12,8.628638772674729438e-13,1.996626152588582911e-12
8.489547285612729836e-13,6.443726518507454588e-13,1.395032571823032554e-12,6.443726518507454588e-13,1.492822608788401603e-12,6.464569675067925951e-13,1.395032571823032554e-12,6.464569675067925951e-13,1.494604853925157684e-12
4.472668233443890238e-13,3.402204443823707855e-13,7.360743990077320584e-13,3.402204443823707855e-13,7.872215529078807805e-13,3.413198859552544831e-13,7.360743990077320584e-13,3.413198859552544831e-13,7.881610199537992457e-13
7.620970271931402009e-14,5.824993000226508262e-14,1.258366643220824077e-13,5.824993000226508262e-14,1.344145122415770784e-13,5.842795928889028398e-14,1.258366643220824077e-13,5.842795928889028398e-14,1.345696815820940771e-13
8.574334005013262867e-14,6.516508876674897231e-14,1.410133837752093706e-13,6.516508876674897231e-14,1.508570854395322573e-13,6.535876776103808380e-14,1.410133837752093706e-13,6.535876776103808380e-14,1.510292224846943053e-13
1.159693412466592718e-12,8.869741776210287963e-13,1.915793606919397648e-12,8.869741776210287963e-13,2.045975790586771599e-12,8.898305856443997187e-13,1.915793606919397648e-12,8.898305856443997187e-13,2.048420552375628170e-12
4.475603429962638168e-12,3.440316868985480343e-12,7.419594197230160166e-12,3.440316868985480343e-12,7.913251001244237366e-12,3.451458162013961179e-12,7.419594197230160166e-12,3.451458162013961179e-12,7.922747433871517390e-12
1.185302642135443206e-11,9.165508366552073935e-12,1.973160583234199189e-11,9.165508366552073935e-12,2.101146132784581127e-11,9.195245811639452291e-12,1.973160583234199189e-11,9.195245811639452291e-12,2.103674238381624288e-11
2.578746767042723092e-11,2.008879748487573513e-11,4.315152991894237337e-11,2.008879748487573513e-11,4.586085736939734277e-11,2.015403185001695938e-11,4.315152991894237337e-11,2.015403185001695938e-11,4.591617722770492014e-11
4.916947525169344138e-11,3.866283365954448615e-11,8.281885335607259477e-11,3.866283365954448615e-11,8.780287411959802655e-11,3.878847450277149206e-11,8.281885335607259477e-11,3.878847450277149206e-11,8.790911150787133850e-11
8.437109644631155621e-11,6.712660574451014327e-11,1.432919967602462615e-10,6.712660574451014327e-11,1.514470531884787146e-10,6.734487747079051892e-11,1.432919967602462615e-10,6.734487747079051892e-11,1.516309841532939093e-10
1.313256768185744562e-10,1.060343890397685190e-10,2.253725248264205654e-10,1.060343890397685190e-10,2.372809219410489923e-10,1.063793933817926342e-10,2.253725248264205654e-10,1.063793933817926342e-10,2.375704449703195238e-10
1.844425196870182167e-10,1.516765223013802661e-10,3.206776117394636098e-10,1.516765223013802661e-10,3.360072974983514990e-10,1.521703688920301335e-10,3.206776117394636098e-10,1.521703688920301335e-10,3.364196635895625700e-10
2.290937312237779943e-10,1.927017201298925094e-10,4.047959475500649294e-10,1.927017201298925094e-10,4.216556737723274721e-10,1.933296312118770857e-10,4.047959475500649294e-10,1.933296312118770857e-10,4.221768590580046049e-10
2.405535408597156557e-10,2.079928413179407519e-10,4.335577921442484777e-10,2.079928413179407519e-10,4.483982512859837146e-10,2.086711991856597473e-10,4.335577921442484777e-10,2.086711991856597473e-10,4.489573363423794971e-10
1.920170846397934655e-10,1.716184476420028291e-10,3.545023511851328282e-10,1.716184476420028291e-10,3.635158640290435446e-10,1.721787721001521162e-10,3.545023511851328282e-10,1.721787721001521162e-10,3.639738751232618848e-10
8.284870927268834914e-11,7.701031268230260367e-11,1.574183587889050073e-10,7.701031268230260367e-11,1.598065617350395300e-10,7.726207287481793810e-11,1.574183587889050073e-10,7.726207287481793810e-11,1.600104146413303883e-10
5.553442226609631198e-17,2.430071181310152971e-17,7.954070494356604011e-17,2.430071181310152971e-17,7.976007762866061208e-17,5.209347596255463747e-17,7.954070494356604011e-17,5.209347596255463747e-17,9.366464381988801471e-17
2.175782261313361802e-10,2.228751626513190376e-10,4.444883967586822120e-10,2.228751626513190376e-10,4.403109587127032100e-10,2.236059780624434335e-10,4.444883967586822120e-10,2.236059780624434335e-10,4.408899018124136064e-10
1.313782931012919273e-09,1.425826588911185402e-09,2.804505066850359298e-09,1.425826588911185402e-09,2.738726228013186274e-09,1.430510213430957576e-09,2.804505066850359298e-09,1.430510213430957576e-09,2.742391688993711168e-09
4.239878056849237703e-09,4.899563356510303316e-09,9.499791893640318347e-09,4.899563356510303316e-09,9.136505474828404819e-09,4.915689164306841581e-09,9.499791893640318347e-09,4.915689164306841581e-09,9.148968709385933723e-09
1.022976844090066693e-08,1.263349200236777079e-08,2.414382911770205003e-08,1.263349200236777079e-08,2.285594098406982228e-08,1.267515866232700560e-08,2.414382911770205003e-08,1.267515866232700560e-08,2.288774414463939967e-08
2.043045574131622533e-08,2.701478068885496409e-08,5.090579654049464906e-08,2.701478068885496409e-08,4.743009019719744674e-08,2.710406897932919774e-08,5.090579654049464906e-08,2.710406897932919774e-08,4.749742401157756519e-08
3.520896557726332301e-08,4.983123428037810284e-08,9.266213417452262466e-08,4.983123428037810284e-08,8.501310580139939665e-08,4.999628428198569647e-08,9.266213417452262466e-08,4.999628428198569647e-08,8.513618004246462696e-08
5.326903107455391967e-08,8.047080618167491285e-08,1.478428937680492340e-07,8.047080618167491285e-08,1.336972679483971138e-07,8.073787471228295993e-08,1.478428937680492340e-07,8.073787471228295993e-08,1.338944178747997444e-07
7.095387390271045162e-08,1.138008762548219357e-07,2.068887468863209019e-07,1.138008762548219357e-07,1.846959310943825415e-07,1.141792266606129124e-07,2.068887468863209019e-07,1.141792266606129124e-07,1.849728329955718717e-07
8.232799198766860833e-08,1.391216257879361827e-07,2.507153297254813447e-07,1.391216257879361827e-07,2.213790179718553177e-07,1.395847853879446135e-07,2.507153297254813447e-07,1.395847853879446135e-07,2.217156448951489489e-07
8.070062710594247319e-08,1.423164721740012206e-07,2.547140451360943633e-07,1.423164721740012206e-07,2.229458175834565579e-07,1.427906203818214315e-07,2.547140451360943633e-07,1.427906203818214315e-07,2.232886693931535442e-07
6.205015893551263961e-08,1.129781858621559830e-07,2.011980823417212340e-07,1.129781858621559830e-07,1.749721971697808324e-07,1.133545442736637706e-07,2.011980823417212340e-07,1.133545442736637706e-07,1.752434581244799851e-07
3.021461289359797966e-08,5.617540973535204336e-08,9.972118552067368663e-08,5.617540973535204336e-08,8.636217696044509283e-08,5.636228970937128806e-08,9.972118552067368663e-08,5.636228970937128806e-08,8.649669953970913491e-08
2.681362306746841014e-09,5.037528970580143368e-09,8.928383183947392567e-09,5.037528970580143368e-09,7.716381415860450623e-09,5.054210912150573830e-09,8.928383183947392567e-09,5.054210912150573830e-09,7.728413163248237149e-09
1.451436229673441153e-08,2.729951386927384195e-08,4.837675487811585822e-08,2.729951386927384195e-08,4.180032131930803192e-08,2.738992564193470717e-08,4.837675487811585822e-08,2.738992564193470717e-08,4.186542985541689833e-08
1.169611379622439252e-07,2.186330846164098408e-07,3.877915112434674269e-07,2.186330846164098408e-07,3.354847051189230069e-07,2.193522673768001781e-07,3.877915112434674269e-07,2.193522673768001781e-07,3.360046953967467671e-07
3.674769756575033341e-07,6.790066063066535747e-07,1.206466647128553809e-06,6.790066063066535747e-07,1.046140258498108900e-06,6.812212385498810828e-07,1.206466647128553809e-06,6.812212385498810828e-07,1.047749357468872909e-06
8.100735209489101104e-07,1.474441155385999181e-06,2.625831782875082239e-06,1.474441155385999181e-06,2.283761593418408830e-06,1.479197413687768092e-06,2.625831782875082239e-06,1.479197413687768092e-06,2.287238432573268049e-06
1.449067996337681306e-06,2.593250264244292999e-06,4.630415025539855112e-06,2.593250264244292999e-06,4.040979943415498165e-06,2.601499941740184922e-06,4.630415025539855112e-06,2.601499941740184922e-06,4.047054357061853834e-06
2.224372438115156255e-06,3.911374460669171741e-06,7.003283381726539225e-06,3.911374460669171741e-06,6.133707578482572874e-06,3.923606663601778089e-06,7.003283381726539225e-06,3.923606663601778089e-06,6.142790542449494627e-06
3.000384234463972339e-06,5.184437413340040477e-06,9.308542579194445184e-06,5.184437413340040477e-06,8.182091767903745480e-06,5.200323612883267000e-06,9.308542579194445184e-06,5.200323612883267000e-06,8.194001789323117926e-06
3.580929426818787052e-06,6.082780325760948259e-06,1.095160234510735616e-05,6.082780325760948259e-06,9.660476431362274968e-06,6.100982304104860013e-06,1.095160234510735616e-05,6.100982304104860013e-06,9.674270973539194401e-06
3.757574264242411995e-06,6.277215176236298271e-06,1.133250878690845197e-05,6.277215176236298271e-06,1.003142220993585429e-05,6.295500579478461590e-06,1.133250878690845197e-05,6.295500579478461590e-06,1.004544800169668158e-05
3.387515469055383954e-06,5.566014701622958444e-06,1.007614663838900746e-05,5.566014701622958444e-06,8.950517533419130614e-06,5.581753328116693789e-06,1.007614663838900746e-05,5.581753328116693789e-06,8.962751527740624437e-06
2.482738797775139741e-06,4.010942602406249029e-06,7.281648265924072226e-06,4.010942602406249029e-06,6.491490578678116725e-06,4.021925481672276479e-06,7.281648265924072226e-06,4.021925481672276479e-06,6.500153146597320976e-06
1.280017806107663637e-06,2.031313791379008370e-06,3.698972954433682149e-06,2.031313791379008370e-06,3.310211281389572298e-06,2.036690153429391581e-06,3.698972954433682149e-06,2.036690153429391581e-06,3.314519826031589155e-06
2.581651027872428060e-07,4.018004588788828470e-07,7.341374696058041696e-07,4.018004588788828470e-07,6.597414004122795756e-07,4.028272160100341911e-07,7.341374696058041696e-07,4.028272160100341911e-07,6.605790804450003007e-07
7.783530233329586318e-08,1.185358610978252070e-07,2.174096864699456434e-07,1.185358610978252070e-07,1.963048126784775626e-07,1.188272340903964259e-07,2.174096864699456434e-07,1.188272340903964259e-07,1.965456589326735852e-07
1.437868806368633351e-06,2.136348922482785906e-06,3.935771802152412213e-06,2.136348922482785906e-06,3.573002513650558192e-06,2.141412105642477583e-06,3.935771802152412213e-06,2.141412105642477583e-06,3.577281135120669481e-06
4.865767551538118116e-06,7.028182465104378309e-06,1.301535560810301599e-05,7.028182465104378309e-06,1.188989433129251367e-05,7.044212669352859888e-06,1.301535560810301599e-05,7.044212669352859888e-06,1.190373505124293862e-05
1.048480874781292086e-05,1.466369217831183952e-05,2.732116496134535957e-05,1.466369217831183952e-05,2.513990393988684482e-05,1.469584480244774974e-05,2.732116496134535957e-05,1.469584480244774974e-05,2.516831438547686013e-05
1.782398459696568402e-05,2.403235995308228032e-05,4.509587583253830392e-05,2.403235995308228032e-05,4.184200309719783545e-05,2.408296178434986604e-05,4.509587583253830392e-05,2.408296178434986604e-05,4.188785366709211463e-05
2.575285200841887466e-05,3.332683296018938143e-05,6.305292626236341910e-05,3.332683296018938143e-05,5.905940064883167509e-05,3.339414152144476970e-05,6.305292626236341910e-05,3.339414152144476970e-05,5.912208348536934137e-05
3.261728560514925442e-05,4.033672757916937246e-05,7.703745081318794216e-05,4.033672757916937246e-05,7.292892174611962026e-05,4.041478691189814734e-05,7.703745081318794216e-05,4.041478691189814734e-05,7.300381675073023191e-05
3.660794204660112409e-05,4.308623311356522871e-05,8.317050200522835301e-05,4.308623311356522871e-05,7.966672878059974394e-05,4.316605772826045154e-05,8.317050200522835301e-05,4.316605772826045154e-05,7.974583068375598301e-05
3.630894914836287714e-05,4.052287255771773916e-05,7.916022711945263366e-05,4.052287255771773916e-05,7.680533835327268044e-05,4.059470739244817785e-05,7.916022711945263366e-05,4.059470739244817785e-05,7.687903608521060527e-05
3.127632842344688882e-05,3.299765059134076564e-05,6.531369005833267602e-05,3.299765059134076564e-05,6.425181768413065623e-05,3.305361362311485488e-05,6.531369005833267602e-05,3.305361362311485488e-05,6.431139163228811052e-05
2.243354898820969302e-05,2.232054840603118484e-05,4.481789697210520105e-05,2.232054840603118484e-05,4.473867184884814540e-05,2.235678054148767626e-05,4.481789697210520105e-05,2.235678054148767626e-05,4.477876790597512606e-05
1.208982494773430877e-05,1.132639964900052134e-05,2.309517262753431547e-05,1.132639964900052134e-05,2.340816280389139422e-05,1.134401906000810212e-05,2.309517262753431547e-05,1.134401906000810212e-05,2.342845789672500935e-05
3.494109082272951970e-06,3.080605936863913602e-06,6.384369435857447643e-06,3.080605936863913602e-06,6.572457018810118306e-06,3.085213239536834633e-06,6.384369435857447643e-06,3.085213239536834633e-06,6.577978432064941236e-06
4.032492361734360400e-13,4.510704388100200984e-13,9.046505687633162877e-13,4.510704388100200984e-13,8.486251865978004456e-13,5.183513313305642500e-13,9.046505687633162877e-13,5.183513313305642500e-13,8.851251322982220154e-13
4.073157104333008947e-06,3.190524453705598633e-06,6.839153539144911892e-06,3.190524453705598633e-06,7.261186880736128260e-06,3.194891270825860926e-06,6.839153539144911892e-06,3.194891270825860926e-06,7.266924914093163668e-06
1.645864492398833569e-05,1.220049824887651553e-05,2.659400861114058866e-05,1.220049824887651553e-05,2.864933845099501618e-05,1.221667867093227769e-05,2.659400861114058866e-05,1.221667867093227769e-05,2.867141402201248514e-05
3.579523049770161255e-05,2.521515148643395360e-05,5.585199610643878590e-05,2.521515148643395360e-05,6.098958053075319774e-05,2.524761028723451975e-05,5.585199610643878590e-05,2.524761028723451975e-05,6.103551328789517992e-05
5.881652695540298578e-05,3.956582708283657682e-05,8.896292226899321035e-05,3.956582708283657682e-05,9.834892316995927418e-05,3.961542796047414617e-05,8.896292226899321035e-05,3.961542796047414617e-05,9.842151793100640384e-05
8.107523498452045424e-05,5.236072129578898645e-05,1.193504714779672506e-04,5.236072129578898645e-05,1.333907631749271935e-04,5.242487722755947776e-05,1.193504714779672506e-04,5.242487722755947776e-05,1.334875321606306705e-04
9.796253869894987686e-05,6.106791294986624839e-05,1.408993990289041510e-04,6.106791294986624839e-05,1.589767599608816768e-04,6.114130297307107274e-05,1.408993990289041510e-04,6.114130297307107274e-05,1.590904076806093196e-04
1.057414336200216602e-04,6.395395580657591082e-05,1.491322629895500671e-04,6.395395580657591082e-05,1.696382661201943263e-04,6.402958719248669781e-05,1.491322629895500671e-04,6.402958719248669781e-05,1.697580512195410833e-04
1.023711806108893759e-04,6.035296207268050811e-05,1.420265907768072607e-04,6.035296207268050811e-05,1.626695131936136871e-04,6.042339936195667923e-05,1.420265907768072607e-04,6.042339936195667923e-05,1.627832082010473888e-04
8.801062444442449219e-05,5.078305017680375012e-05,1.204417637210678671e-04,5.078305017680375012e-05,1.387471891500214563e-04,5.084168626464384322e-05,1.204417637210678671e-04,5.084168626464384322e-05,1.388433457344456421e-04
6.518141059203896371e-05,3.693521188764692527e-05,8.818384917982309058e-05,3.693521188764692527e-05,1.020824879368177976e-04,3.697748716626461971e-05,8.818384917982309058e-05,3.697748716626461971e-05,1.021527376374258792e-04
3.861126253740506460e-05,2.154454183068939128e-05,5.173342172547061997e-05,2.154454183068939128e-05,6.013572283808451283e-05,2.156901783272286382e-05,5.173342172547061997e-05,2.156901783272286382e-05,6.017685949781633787e-05
1.476621432490970496e-05,8.129971595508677658e-06,1.961995435133515430e-05,8.129971595508677658e-06,2.288854112989709505e-05,8.139132915502557986e-06,1.961995435133515430e-05,8.139132915502557986e-06,2.290411239381935209e-05
1.048712387904864706e-06,5.705753764187417750e-07,1.383170664896442963e-06,5.705753764187417750e-07,1.618739701910311154e-06,5.711928184599139291e-07,1.383170664896442963e-06,5.711928184599139291e-07,1.619827466423959935e-06
4.625013147391294620e-06,2.488780091823907771e-06,6.058411882294220278e-06,2.488780091823907771e-06,7.111463755556664478e-06,2.491621869230553074e-06,6.058411882294220278e-06,2.491621869230553074e-06,7.116278694318297149e-06
3.088927374572387856e-05,1.644821345116842499e-05,4.020135554184255951e-05,1.644821345116842499e-05,4.732191447289355794e-05,1.646689673214177664e-05,4.020135554184255951e-05,1.646689673214177664e-05,4.735384152732380298e-05
8.170214466571415262e-05,4.305637941390607086e-05,1.056567367463684545e-04,4.305637941390607086e-05,1.247174873918434292e-04,4.310525431272210734e-05,1.056567367463684545e-04,4.310525431272210734e-05,1.248013819961993072e-04
1.537572097999141750e-04,8.018154511849829766e-05,1.975628836604107440e-04,8.018154511849829766e-05,2.338618834329857579e-04,8.027271378974155328e-05,1.975628836604107440e-04,8.027271378974155328e-05,2.340187974621567291e-04
2.376668192337813557e-04,1.226064041203655196e-04,3.033733359717046777e-04,1.226064041203655196e-04,3.601550002156359638e-04,1.227463246473430188e-04,3.033733359717046777e-04,1.227463246473430188e-04,3.603961293974188018e-04
3.184784328189275851e-04,1.624684464011589885e-04,4.037777841792203858e-04,1.624684464011589885e-04,4.807893055823594052e-04,1.626549363974139864e-04,4.037777841792203858e-04,1.626549363974139864e-04,4.811106342826053134e-04
3.781532888682083210e-04,1.906948132157499894e-04,4.761009745550982678e-04,1.906948132157499894e-04,5.686620516854787571e-04,1.909155079048552967e-04,4.761009745550982678e-04,1.909155079048552967e-04,5.690416276994026031e-04
3.999633051561790045e-04,1.993092375740387282e-04,4.999733199846632427e-04,1.993092375740387282e-04,5.990769068542696647e-04,1.995424471134541790e-04,4.999733199846632427e-04,1.995424471134541790e-04,5.994765204629187933e-04
3.739155818939813507e-04,1.840727937699332146e-04,4.640177900605766390e-04,1.840727937699332146e-04,5.578065804175020301e-04,1.842912339288170194e-04,4.640177900605766390e-04,1.842912339288170194e-04,5.581786855504322804e-04
3.015636585770137506e-04,1.466155991182965909e-04,3.714641183117852342e-04,1.466155991182965909e-04,4.480335525487814398e-04,1.467926733144165642e-04,3.714641183117852342e-04,1.467926733144165642e-04,4.483326846243786351e-04
1.983294702887825175e-04,9.519798393257333324e-05,2.424557007230935179e-04,9.519798393257333324e-05,2.934322551187042573e-04,9.531542894468821817e-05,2.424557007230935179e-04,9.531542894468821817e-05,2.936284858092284454e-04
9.194320904953485487e-05,4.355116794855620933e-05,1.115250209128889339e-04,4.355116794855620933e-05,1.354505604560569834e-04,4.360625710600828613e-05,1.115250209128889339e-04,4.360625710600828613e-05,1.355413340917660883e-04
1.669241340502624772e-05,7.797540522552675997e-06,2.008322830217228969e-05,7.797540522552675997e-06,2.448207597565653563e-05,7.807676822437974271e-06,2.008322830217228969e-05,7.807676822437974271e-06,2.449848526666604135e-05
4.531659721673839335e-06,2.085448240169022087e-06,5.404906083026090158e-06,2.085448240169022087e-06,6.614954072063076457e-06,2.088163306754445742e-06,5.404906083026090158e-06,2.088163306754445742e-06,6.619437306581717778e-06
7.534964471535388433e-05,3.412206638799960640e-05,8.903757910470153796e-05,3.412206638799960640e-05,1.094364386968288915e-04,3.416920055209712339e-05,8.903757910470153796e-05,3.416920055209712339e-05,1.095109299532967691e-04
2.293944533730670951e-04,1.020491659103141719e-04,2.683109599801258936e-04,1.020491659103141719e-04,3.313373039123385078e-04,1.021955563898618022e-04,2.683109599801258936e-04,1.021955563898618022e-04,3.315637509360999744e-04
4.446066808070936482e-04,1.938860940219480709e-04,5.141637378633148172e-04,1.938860940219480709e-04,6.382888847735466217e-04,1.941748856133318295e-04,5.141637378633148172e-04,1.941748856133318295e-04,6.387267996019141371e-04
6.802521635817344262e-04,2.900155495115571010e-04,7.767003543469835729e-04,2.900155495115571010e-04,9.699594495536192126e-04,2.904642743551197207e-04,7.767003543469835729e-04,2.904642743551197207e-04,9.706270029441604885e-04
8.861887457394606281e-04,3.681514403215031556e-04,9.973015398082834930e-04,3.681514403215031556e-04,1.253944058185749296e-03,3.687433976772984162e-04,9.973015398082834930e-04,3.687433976772984162e-04,1.254808764896150810e-03
1.015238129568368742e-03,4.093483187302032257e-04,1.123856145240769398e-03,4.093483187302032257e-04,1.424139788595291545e-03,4.100324887875176293e-04,1.123856145240769398e-03,4.100324887875176293e-04,1.425122218428370030e-03
1.035281783720121010e-03,4.032628148352065674e-04,1.124730145821828571e-03,4.032628148352065674e-04,1.438097462710727749e-03,4.039634327624390788e-04,1.124730145821828571e-03,4.039634327624390788e-04,1.439087826918922361e-03
9.380337006859452553e-04,3.511263807969480636e-04,9.976296570150331843e-04,3.511263807969480636e-04,1.288763530886680598e-03,3.517603380523649705e-04,9.976296570150331843e-04,3.517603380523649705e-04,1.289647275342440357e-03
7.424848878097424585e-04,2.655570426864130849e-04,7.710418512821793843e-04,2.655570426864130849e-04,1.007735668221451100e-03,2.660550778924802937e-04,7.710418512821793843e-04,2.660550778924802937e-04,1.008421736615921485e-03
4.921559214054592891e-04,1.671926634192489334e-04,4.977943710889384116e-04,1.671926634192489334e-04,6.591511531367434847e-04,1.675178243320631967e-04,4.977943710889384116e-04,1.675178243320631967e-04,6.595950669418338200e-04
2.463078802972657713e-04,7.901468259256906937e-05,2.421169022689946093e-04,7.901468259256906937e-05,3.252267850947341437e-04,7.917369705454323215e-05,2.421169022689946093e-04,7.917369705454323215e-05,3.254425940492983648e-04
6.634243637519100995e-05,1.999015637756076556e-05,6.326829488990212051e-05,1.999015637756076556e-05,8.630768690408371511e-05,2.003102125950784822e-05,6.326829488990212051e-05,2.003102125950784822e-05,8.636352676777446014e-05
1.373014291466515208e-10,1.605493113734399420e-10,7.753226396863295347e-10,1.605493113734399420e-10,2.974476469415636542e-10,1.081052270906182445e-09,7.753226396863295347e-10,1.081052270906182445e-09,7.591367424219946373e-10
6.740095027649117517e-05,1.769771681910319329e-05,6.034674821569207539e-05,1.769771681910319329e-05,8.507488486265019903e-05,1.773495876380185056e-05,6.034674821569207539e-05,1.773495876380185056e-05,8.512725142622802252e-05
2.535973277952448235e-04,6.191555477001339477e-05,2.200242965327989188e-04,6.191555477001339477e-05,3.154268117825902032e-04,6.205308276763758920e-05,2.200242965327989188e-04,6.205308276763758920e-05,3.156176886166915793e-04
5.111354813588099262e-04,1.159396888315862963e-04,4.301400940223045616e-04,1.159396888315862963e-04,6.269080092153232970e-04,1.162035503123508496e-04,4.301400940223045616e-04,1.162035503123508496e-04,6.272771423463510470e-04
7.729260386665183979e-04,1.629518211098986266e-04,6.318253561577567455e-04,1.629518211098986266e-04,9.356339695419080803e-04,1.633287162451889645e-04,6.318253561577567455e-04,1.633287162451889645e-04,9.361686925384089157e-04
9.716671662410307671e-04,1.907166297442125687e-04,7.730045131075797410e-04,1.907166297442125687e-04,1.162087462290486723e-03,1.911619597533964889e-04,7.730045131075797410e-04,1.911619597533964889e-04,1.162731265776450725e-03
1.059185279310278713e-03,1.941009526461167246e-04,8.218605278074127881e-04,1.941009526461167246e-04,1.252973327876273765e-03,1.945561484208873412e-04,8.218605278074127881e-04,1.945561484208873412e-04,1.253646227154826169e-03
1.018957673751773579e-03,1.750265784583087336e-04,7.730238664844697478e-04,1.750265784583087336e-04,1.193691854711136265e-03,1.754337980835365257e-04,7.730238664844697478e-04,1.754337980835365257e-04,1.194312344941825862e-03
8.679236843073617974e-04,1.404158647665942059e-04,6.453909556779887030e-04,1.404158647665942059e-04,1.008096817839764870e-03,1.407402822018611200e-04,6.453909556779887030e-04,1.407402822018611200e-04,1.008605912725576851e-03
6.480295737866410832e-04,9.930069786725537228e-05,4.735303427567155352e-04,9.930069786725537228e-05,7.471529206273591281e-04,9.952006179052789038e-05,4.735303427567155352e-04,9.952006179052789038e-05,7.475168292370144938e-04
4.116912751823977013e-04,6.011013124958642718e-05,2.963466898743384939e-04,6.011013124958642718e-05,4.716905598293423671e-04,6.023112473225235183e-05,2.963466898743384939e-04,6.023112473225235183e-05,4.719106186462798474e-04
2.068862123407849945e-04,2.896258931006906101e-05,1.470424101329610191e-04,2.896258931006906101e-05,2.357935346614958058e-04,2.900803078563048823e-05,1.470424101329610191e-04,2.900803078563048823e-05,2.358963393765386508e-04
6.650167672621932504e-05,8.973662447972025353e-06,4.675043235388287729e-05,8.973662447972025353e-06,7.545734284948239876e-05,8.969472640417331560e-06,4.675043235388287729e-05,8.969472640417331560e-06,7.548169712590583464e-05
3.946642924031068216e-06,5.252774003375461708e-07,2.740649755182491374e-06,5.252774003375461708e-07,4.470639853821163355e-06,4.791391221601961971e-07,2.740649755182491374e-06,4.791391221601961971e-07,4.449603768582767817e-06
1.443919406418224870e-05,1.857914507604960707e-06,9.991636212972666400e-06,1.857914507604960707e-06,1.629409156150471620e-05,1.811007096353834477e-06,9.991636212972666400e-06,1.811007096353834477e-06,1.627462364527765243e-05
7.990185901304577376e-05,9.999120124061846381e-06,5.496808189637106582e-05,9.999120124061846381e-06,8.988280469627600773e-05,9.944025629000784888e-06,5.496808189637106582e-05,9.944025629000784888e-06,8.988047885101316280e-05
1.751861358654109081e-04,2.150317486629546574e-05,1.199254433664281400e-04,2.150317486629546574e-05,1.966489454814896278e-04,2.146052507438973075e-05,1.199254433664281400e-04,2.146052507438973075e-05,1.966842616195088828e-04
2.739643727753221340e-04,3.314593356373901807e-05,1.868221834694832662e-04,3.314593356373901807e-05,3.070470915210138743e-04,3.308333013621863673e-05,1.868221834694832662e-04,3.308333013621863673e-05,3.071049043757519592e-04
3.534559864253930517e-04,4.221013522250332412e-05,2.401945353766285257e-04,4.221013522250332412e-05,3.955847444669780130e-04,4.212434692678574609e-05,2.401945353766285257e-04,4.212434692678574609e-05,3.956568090485523088e-04
3.976810987868656670e-04,4.700148923479031331e-05,2.694914265805488374e-04,4.700148923479031331e-05,4.445913638431540503e-04,4.686606566983405383e-05,2.694914265805488374e-04,4.686606566983405383e-05,4.446525956476894540e-04
3.992637791783397580e-04,4.678367657252242195e-05,2.699031594883107899e-04,4.678367657252242195e-05,4.459562527152108563e-04,4.654420273701524567e-05,2.699031594883107899e-04,4.654420273701524567e-05,4.459653459670887346e-04
3.598150233893500642e-04,4.177092788612087233e-05,2.426015513160699488e-04,4.177092788612087233e-05,4.015040880898886923e-04,4.146009467010960779e-05,2.426015513160699488e-04,4.146009467010960779e-05,4.014640755028619145e-04
2.889274097659903112e-04,3.337165370376608841e-05,1.944353671355845655e-04,3.337165370376608841e-05,3.222335474940118266e-04,3.289094835043384593e-05,1.944353671355845655e-04,3.289094835043384593e-05,3.220852216805529869e-04
2.018334774413189057e-04,2.314746103857977732e-05,1.354807551020932631e-04,2.314746103857977732e-05,2.249352444936518871e-04,2.261668257372102665e-05,1.354807551020932631e-04,2.261668257372102665e-05,2.247336737746190966e-04
1.159229707606410000e-04,1.327215974969427326e-05,7.761600238216291808e-05,1.327215974969427326e-05,1.291686744243242832e-04,1.263814310835452083e-05,7.761600238216291808e-05,1.263814310835452083e-05,1.288882524569340098e-04
4.743330057356684779e-05,5.584975665099600934e-06,3.168393916698080570e-05,5.584975665099600934e-06,5.300722016009190129e-05,4.708730197081219103e-06,3.168393916698080570e-05,4.708730197081219103e-06,5.258424462695590243e-05
7.735409994977300815e-06,9.652808277556792866e-07,5.064483623868077432e-06,9.652808277556792866e-07,8.698523035297556365e-06,4.470380140569519612e-07,5.064483623868077432e-06,4.470380140569519612e-07,8.442585936051885087e-06
2.052993982349102572e-06,3.470334166129576769e-07,1.916817686556603989e-06,3.470334166129576769e-07,2.399150901335676112e-06,1.075286810790467569e-06,1.916817686556603989e-06,1.075286810790467569e-06,2.765455438757789937e-06
2.840943312164782565e-05,3.502617157580696583e-06,1.863484621387761730e-05,3.502617157580696583e-06,3.190589195164966567e-05,1.814573650097841074e-06,1.863484621387761730e-05,1.814573650097841074e-06,3.107255732172044060e-05
7.967061201072175186e-05,8.972127097318211190e-06,5.198290321442227893e-05,8.972127097318211190e-06,8.862607868579312580e-05,6.256518933866910386e-06,5.198290321442227893e-05,6.256518933866910386e-06,8.729479221519219096e-05
1.447360831428280085e-04,1.600988186823345212e-05,9.478065758170931021e-05,1.600988186823345212e-05,1.607164127341782528e-04,1.264187203259619623e-05,9.478065758170931021e-05,1.264187203259619623e-05,1.590779860304333642e-04
2.113521933966220592e-04,2.375603416212540672e-05,1.391329851410718092e-04,2.375603416212540672e-05,2.350660865369659633e-04,1.916713465968983326e-05,1.391329851410718092e-04,1.916713465968983326e-05,2.328355977347261658e-04
2.678436880144866136e-04,3.011631841226674873e-05,1.765499998816193346e-04,3.011631841226674873e-05,2.979083239189577316e-04,2.472489751362872375e-05,1.765499998816193346e-04,2.472489751362872375e-05,2.952904235021409354e-04
3.043190623705056765e-04,3.299288421057147258e-05,1.991368344284567631e-04,3.299288421057147258e-05,3.372558115669467929e-04,2.762489725516837605e-05,1.991368344284567631e-04,2.762489725516837605e-05,3.346557914852212219e-04
3.141225804618338847e-04,3.599695247901560694e-05,2.066748056172208086e-04,3.599695247901560694e-05,3.500653794942898780e-04,2.686589633623304415e-05,2.066748056172208086e-04,2.686589633623304415e-05,3.455810225864432107e-04
2.953703638437046083e-04,3.432090981337077029e-05,1.938218093694767401e-04,3.432090981337077029e-05,3.296440806057533311e-04,2.326745196705297549e-05,1.938218093694767401e-04,2.326745196705297549e-05,3.241878738204846439e-04
2.475823305269034703e-04,2.842407749553871093e-05,1.603781812955121873e-04,2.842407749553871093e-05,2.759699198304615140e-04,1.598831977487999336e-05,1.603781812955121873e-04,1.598831977487999336e-05,2.698062800492998154e-04
1.795551599203362486e-04,2.206968568340033282e-05,1.153384899577438637e-04,2.206968568340033282e-05,2.016054121754534548e-04,6.686399225476105460e-06,1.153384899577438637e-04,6.686399225476105460e-06,1.939445360684284830e-04
1.020110625449927001e-04,1.602585054007869857e-05,7.493371190919277918e-05,1.602585054007869857e-05,1.180296083652963222e-04,1.554885727944035215e-05,7.493371190919277918e-05,1.554885727944035215e-05,1.178046453493029671e-04
3.430463194143908059e-05,1.069293831515118766e-05,4.303836007170494570e-05,1.069293831515118766e-05,4.499646254445274578e-05,3.015184351603952148e-05,4.303836007170494570e-05,3.015184351603952148e-05,5.473277415298220155e-05
4.677668042770918595e-06,4.242567744572123038e-06,2.640416759531874003e-05,4.242567744572123038e-06,8.912374518598646143e-06,3.938257214368894266e-05,2.640416759531874003e-05,3.938257214368894266e-05,2.650561228489952363e-05
