8.741757786191134219e-08,8.378503634914830805e-08,2.552910945881343653e-07,8.378503634914830805e-08,1.685301504028521809e-07,2.569357628104350381e-07,2.552910945881343653e-07,2.569357628104350381e-07,2.591634824778558383e-07
8.236614509431349999e-08,7.889178784032432477e-08,2.416333655281787277e-07,7.889178784032432477e-08,1.587383015335584761e-07,2.443913497832727042e-07,2.416333655281787277e-07,2.443913497832727042e-07,2.453126601921612083e-07
7.644646527450351372e-08,7.315994472369944111e-08,2.255622746526327777e-07,7.315994472369944111e-08,1.472660592184437014e-07,2.295535770877156544e-07,2.255622746526327777e-07,2.295535770877156544e-07,2.290134240002420829e-07
6.958552167819722629e-08,6.652039119575331599e-08,2.068372169941615417e-07,6.652039119575331599e-08,1.339736158141762072e-07,2.121511394787318578e-07,2.068372169941615417e-07,2.121511394787318578e-07,2.100211618691614449e-07
6.174751681196386021e-08,5.894082908890195757e-08,1.852977620830837739e-07,5.894082908890195757e-08,1.187941275154532930e-07,1.919625415055728291e-07,1.852977620830837739e-07,1.919625415055728291e-07,1.881722885143301167e-07
5.296364817995412556e-08,5.045489411487586905e-08,1.609368120441476617e-07,5.045489411487586905e-08,1.017917228940947992e-07,1.688747369469423399e-07,1.609368120441476617e-07,1.688747369469423399e-07,1.634583421771031842e-07
4.337523583664477812e-08,4.120424341945834964e-08,1.340087741661812930e-07,4.120424341945834964e-08,8.324543143630216171e-08,1.429726714440963469e-07,1.340087741661812930e-07,1.429726714440963469e-07,1.361355827843695967e-07
3.329357234022548335e-08,3.149682401221159878e-08,1.051832466630703103e-07,3.149682401221159878e-08,6.376550512902226320e-08,1.146709938892522682e-07,1.051832466630703103e-07,1.146709938892522682e-07,1.068807635587483044e-07
2.327878275398974581e-08,2.188340487756671274e-08,7.575372397362305913e-08,2.188340487756671274e-08,4.444642333721304657e-08,8.490055728578365696e-08,7.575372397362305913e-08,8.490055728578365696e-08,7.700277275814117866e-08
1.423654841836821751e-08,1.325098701675145114e-08,4.790504573188404150e-08,1.325098701675145114e-08,2.705406270542535230e-08,5.536112293544849066e-08,4.790504573188404150e-08,5.536112293544849066e-08,4.871403286507448989e-08
7.523755931953949030e-09,6.923914816779390788e-09,2.502810364857789617e-08,6.923914816779390788e-09,1.422915115676598563e-08,2.884458624539064440e-08,2.502810364857789617e-08,2.884458624539064440e-08,2.545020850617259863e-08
5.039051201528184186e-09,4.748518753887388716e-09,1.203842234709606811e-08,4.748518753887388716e-09,9.659486219034175460e-09,9.614195634832759636e-09,1.203842234709606811e-08,9.614195634832759636e-09,1.219455693243474647e-08
9.248430015274731338e-09,9.111546481401351976e-09,1.559682278478401964e-08,9.111546481401351976e-09,1.812273974429013947e-08,3.785178205321679083e-09,1.559682278478401964e-08,3.785178205321679083e-09,1.570418255842104671e-08
2.305729095887944493e-08,2.280455837426139139e-08,4.403579682645582288e-08,2.280455837426139139e-08,4.522605934387854154e-08,1.957747440153329132e-08,4.403579682645582288e-08,1.957747440153329132e-08,4.443965982399232104e-08
4.939369026304013854e-08,4.860100965450360817e-08,1.066645786890569884e-07,4.860100965450360817e-08,9.657803010411950931e-08,6.718694068861574880e-08,1.066645786890569884e-07,6.718694068861574880e-08,1.078668604077957579e-07
9.033744410395939049e-08,8.838482521991894345e-08,2.119933646205400244e-07,8.838482521991894345e-08,1.760717335341072666e-07,1.578413922536023092e-07,2.119933646205400244e-07,1.578413922536023092e-07,2.146645063769771002e-07
1.456837738729555898e-07,1.417267594314776917e-07,3.644000790436601306e-07,1.417267594314776917e-07,2.830682040740199886e-07,3.014040108637177758e-07,3.644000790436601306e-07,3.014040108637177758e-07,3.693510137352579276e-07
2.111074898079803470e-07,2.040867330171807702e-07,5.591357271988701810e-07,2.040867330171807702e-07,4.088216692509381130e-07,5.017911822358284729e-07,5.591357271988701810e-07,5.017911822358284729e-07,5.672162381924200294e-07
2.767974597820005478e-07,2.655283864608318660e-07,7.767979706897702318e-07,2.655283864608318660e-07,5.338802530763672512e-07,7.498226152301245415e-07,7.767979706897702318e-07,7.498226152301245415e-07,7.886849048396278083e-07
3.286472936144385954e-07,3.120474588157561319e-07,9.809397997790372251e-07,3.120474588157561319e-07,6.305913468179151271e-07,1.014558648036223701e-06,9.809397997790372251e-07,1.014558648036223701e-06,9.968018219417641264e-07
3.551435012149884334e-07,3.326539681912544793e-07,1.125687527846425247e-06,3.326539681912544793e-07,6.768971337796847313e-07,1.237479134117772860e-06,1.125687527846425247e-06,1.237479134117772860e-06,1.144791132556349292e-06
3.612820641945593777e-07,3.334861123447531382e-07,1.179954928798255612e-06,3.334861123447531382e-07,6.839657139351874407e-07,1.338832856818096994e-06,1.179954928798255612e-06,1.338832856818096994e-06,1.200425885597808072e-06
3.809920278072177069e-07,3.502777624399439549e-07,1.161274760085801397e-06,3.502777624399439549e-07,7.206459688149791256e-07,1.248098258458008284e-06,1.161274760085801397e-06,1.248098258458008284e-06,1.180382353161300270e-06
4.607449623096838037e-07,4.315646777165330227e-07,1.138599730353917118e-06,4.315646777165330227e-07,8.805323105805206735e-07,9.597215896220008181e-07,1.138599730353917118e-06,9.597215896220008181e-07,1.153833917388263992e-06
5.851865741930815052e-07,5.631088897244097984e-07,1.143213900798668150e-06,5.631088897244097984e-07,1.133867860297248155e-06,5.803779910715974495e-07,1.143213900798668150e-06,5.803779910715974495e-07,1.153743241308023860e-06
5.981624293767700231e-07,5.867388534268938521e-07,1.033941563561393808e-06,5.867388534268938521e-07,1.169784440935279271e-06,3.003034321215188583e-07,1.033941563561393808e-06,3.003034321215188583e-07,1.041144327537062342e-06
3.469455007977380134e-07,3.417446184397627885e-07,6.564464832369606756e-07,3.417446184397627885e-07,6.790391012367126139e-07,2.851562226631477065e-07,6.564464832369606756e-07,2.851562226631477065e-07,6.631581996526952619e-07
2.453033336472774584e-07,2.258961410837831608e-07,6.888353603940160326e-07,2.258961410837831608e-07,4.641612486142264407e-07,6.848114723961930917e-07,6.888353603940160326e-07,6.848114723961930917e-07,7.011657224495678363e-07
1.762114091448682257e-06,1.687291807625065800e-06,3.530630130276168686e-06,1.687291807625065800e-06,3.406316873964733268e-06,1.942622643421730418e-06,3.530630130276168686e-06,1.942622643421730418e-06,3.567136828163444628e-06
6.513148129756697672e-06,6.333159992977251892e-06,1.200037698014564927e-05,6.333159992977251892e-06,1.268670667886032532e-05,4.876966789098148011e-06,1.200037698014564927e-05,4.876966789098148011e-06,1.209906515153461779e-05
1.352612622869377995e-05,1.322633068832318737e-05,2.463976306082790548e-05,1.322633068832318737e-05,2.641703801980419810e-05,9.412001911471329469e-06,2.463976306082790548e-05,9.412001911471329469e-06,2.483425826709751710e-05
1.740891303836395604e-05,1.706713109586170977e-05,3.196022009519123035e-05,1.706713109586170977e-05,3.403936356041713376e-05,1.252090850932704800e-05,3.196022009519123035e-05,1.252090850932704800e-05,3.221752161377160531e-05
1.220535607397812936e-05,1.198407116810351905e-05,2.274766802196638143e-05,1.198407116810351905e-05,2.387919139320669935e-05,9.424143702644662837e-06,2.274766802196638143e-05,9.424143702644662837e-06,2.293903357459704315e-05
1.673145982138492487e-06,1.647204376281562088e-06,3.248325921161492546e-06,1.647204376281562088e-06,3.275762637118648493e-06,1.543716390726646791e-06,3.248325921161492546e-06,1.543716390726646791e-06,3.279046954546435075e-06
6.270133667737736638e-06,6.104233677529146582e-06,1.185353486768507818e-05,6.104233677529146582e-06,1.222038231690303171e-05,5.284960500173439821e-06,1.185353486768507818e-05,5.284960500173439821e-06,1.196597051447472878e-05
5.094225376119429624e-05,4.969268957561497752e-05,9.748337905351459802e-05,4.969268957561497752e-05,9.935959102126272783e-05,4.509509972694281679e-05,9.748337905351459802e-05,4.509509972694281679e-05,9.845255555798042323e-05
1.324967509110087612e-04,1.290391286606703701e-04,2.562001804551972193e-04,1.290391286606703701e-04,2.581979160548520313e-04,1.230234569066958729e-04,2.562001804551972193e-04,1.230234569066958729e-04,2.589407514678682761e-04
1.982525519891988953e-04,1.925623287850603926e-04,3.866198380410798834e-04,1.925623287850603926e-04,3.858030981736150088e-04,1.916739608741146019e-04,3.866198380410798834e-04,1.916739608741146019e-04,3.911005014162059388e-04
1.796353610721863208e-04,1.739122798528556493e-04,3.529162052590233134e-04,1.739122798528556493e-04,3.489936355195691234e-04,1.800304377413095317e-04,3.529162052590233134e-04,1.800304377413095317e-04,3.573559807389544677e-04
7.552280874359970414e-05,7.288131167855549169e-05,1.496149121026092417e-04,7.288131167855549169e-05,1.464791949223235126e-04,7.865029167052090691e-05,1.496149121026092417e-04,7.865029167052090691e-05,1.516512967688603427e-04
1.987922967384594296e-07,1.915601994554817070e-07,4.835069423139506354e-07,1.915601994554817070e-07,3.841742618061858190e-07,3.878923163019638029e-07,4.835069423139506354e-07,3.878923163019638029e-07,4.908226098736550719e-07
1.051016952436327066e-04,1.002306641474751689e-04,2.074250488795991939e-04,1.002306641474751689e-04,2.027107042415469300e-04,1.102619095178194097e-04,2.074250488795991939e-04,1.102619095178194097e-04,2.107541344396480891e-04
4.091317443194087029e-04,3.887271078548366681e-04,8.130313555635917825e-04,3.887271078548366681e-04,7.876050628720128585e-04,4.433163001200582766e-04,8.130313555635917825e-04,4.433163001200582766e-04,8.269685303926000396e-04
7.156753374150340991e-04,6.769812508194416071e-04,1.429544125050731529e-03,6.769812508194416071e-04,1.374696849147850246e-03,7.962313294918177279e-04,1.429544125050731529e-03,7.962313294918177279e-04,1.455691468600050749e-03
7.578581316213737736e-04,7.135853045235316956e-04,1.521799937877278989e-03,7.135853045235316956e-04,1.452406757589609155e-03,8.658279723349898704e-04,1.521799937877278989e-03,8.658279723349898704e-04,1.551402764425249999e-03
4.711159584824334279e-04,4.416750316812830738e-04,9.523279775859229022e-04,4.416750316812830738e-04,9.009273520937299742e-04,5.547654689202561728e-04,9.523279775859229022e-04,5.547654689202561728e-04,9.719032047765610322e-04
1.050598383405383179e-04,9.830520084210725613e-05,2.153995554220446357e-04,9.830520084210725613e-05,2.006859206148345353e-04,1.301818827793701041e-04,2.153995554220446357e-04,1.301818827793701041e-04,2.199751249716102566e-04
1.940369322723328423e-05,1.777543426457166496e-05,3.809424959935900167e-05,1.777543426457166496e-05,3.672002040741606001e-05,2.140949942512760773e-05,3.809424959935900167e-05,2.140949942512760773e-05,3.903097704668608090e-05
3.468866471753858445e-04,3.193797990844768168e-04,7.004773795870215597e-04,3.193797990844768168e-04,6.577345192620958746e-04,4.186619101933655783e-04,7.004773795870215597e-04,4.186619101933655783e-04,7.175128125461408424e-04
8.569639131807071323e-04,7.882360224196984693e-04,1.745915442386813173e-03,7.882360224196984693e-04,1.623981148414885235e-03,1.066847697213913881e-03,1.745915442386813173e-03,1.066847697213913881e-03,1.788932862709921752e-03
1.147441823819698786e-03,1.055496226047356349e-03,2.355505734601569170e-03,1.055496226047356349e-03,2.174373601535100221e-03,1.464091811253732858e-03,2.355505734601569170e-03,1.464091811253732858e-03,2.413612926920949159e-03
9.815379440379680149e-04,9.047833231502838084e-04,2.033116120438872593e-03,9.047833231502838084e-04,1.861695300375185462e-03,1.285184019685310219e-03,2.033116120438872593e-03,1.285184019685310219e-03,2.082433753467458851e-03
4.866404822436447460e-04,4.511194411420539727e-04,1.023540010641266814e-03,4.511194411420539727e-04,9.253549217403013579e-04,6.633696234580613521e-04,1.023540010641266814e-03,6.633696234580613521e-04,1.047225391443674285e-03
6.420762819140638129e-05,6.092978756338473221e-05,1.438526899336213603e-04,6.092978756338473221e-05,1.233826057418504292e-04,1.024276892438292065e-04,1.438526899336213603e-04,1.024276892438292065e-04,1.465338308950243755e-04
7.988635989462748721e-05,7.270167772905518897e-05,1.559764837434539841e-04,7.270167772905518897e-05,1.507381235047660175e-04,8.736270379990121969e-05,1.559764837434539841e-04,8.736270379990121969e-05,1.599451790665492549e-04
5.713016231642946592e-04,5.275194723958568635e-04,1.160059960083813192e-03,5.275194723958568635e-04,1.084911639153203705e-03,6.993196660316882470e-04,1.160059960083813192e-03,6.993196660316882470e-04,1.186940608541833721e-03
1.207166018524878865e-03,1.123709781234450691e-03,2.491736183798730613e-03,1.123709781234450691e-03,2.300928035648714277e-03,1.541092056322117959e-03,2.491736183798730613e-03,1.541092056322117959e-03,2.545495293918456029e-03
1.531315491203520240e-03,1.435952308192591561e-03,3.206013881197196120e-03,1.435952308192591561e-03,2.928674212193602567e-03,2.024879707018628801e-03,3.206013881197196120e-03,2.024879707018628801e-03,3.270440761292794755e-03
1.301625816054590053e-03,1.230837077265987262e-03,2.772682725627667599e-03,1.230837077265987262e-03,2.498986279216461066e-03,1.796409708170371199e-03,2.772682725627667599e-03,1.796409708170371199e-03,2.823886399024271368e-03
6.787103460520903155e-04,6.500847005013803094e-04,1.486609532494843856e-03,6.500847005013803094e-04,1.310664812496335199e-03,1.002491192810913171e-03,1.486609532494843856e-03,1.002491192810913171e-03,1.510612779840613895e-03
1.352975031761720229e-04,1.343725745597820287e-04,3.177598681324070849e-04,1.343725745597820287e-04,2.655990139365407127e-04,2.335297824528280951e-04,3.177598681324070849e-04,2.335297824528280951e-04,3.207808728931280605e-04
1.401882744699781786e-04,1.309205425539021418e-04,2.804852400950159940e-04,1.309205425539021418e-04,2.679316562734430397e-04,1.601139370550427486e-04,2.804852400950159940e-04,1.601139370550427486e-04,2.848789171622163646e-04
8.278694875006698895e-04,7.785994948841084553e-04,1.724337752256702725e-03,7.785994948841084553e-04,1.587050038011677579e-03,1.071345721605419321e-03,1.724337752256702725e-03,1.071345721605419321e-03,1.753334313735569697e-03
1.888465288796278537e-03,1.794089351473332873e-03,4.041993173243126243e-03,1.794089351473332873e-03,3.636782335546674943e-03,2.626693876980183608e-03,4.041993173243126243e-03,2.626693876980183608e-03,4.104222809301999800e-03
2.751495242882513650e-03,2.637047317821586325e-03,6.006363119467605753e-03,2.637047317821586325e-03,5.320181054488837269e-03,4.017368457349559593e-03,6.006363119467605753e-03,4.017368457349559593e-03,6.090310131403360236e-03
2.928027517398559473e-03,2.832810271337611509e-03,6.501026137472854308e-03,2.832810271337611509e-03,5.686120688026327988e-03,4.442963265425019931e-03,6.501026137472854308e-03,4.442963265425019931e-03,6.582017742748223939e-03
2.305011232802624439e-03,2.257341241726584877e-03,5.199844052609387673e-03,2.257341241726584877e-03,4.501223772368200156e-03,3.609843993324672248e-03,5.199844052609387673e-03,3.609843993324672248e-03,5.254921078361543887e-03
1.252822691680332374e-03,1.249785403715009124e-03,2.861334086931053167e-03,1.249785403715009124e-03,2.466976258234864546e-03,1.988988347976256010e-03,2.861334086931053167e-03,1.988988347976256010e-03,2.883650775181276129e-03
4.963883037847890501e-04,5.021719181561373150e-04,1.099978173090690372e-03,5.021719181561373150e-04,9.832211482096360217e-04,7.074548662149451970e-04,1.099978173090690372e-03,7.074548662149451970e-04,1.104058971080706941e-03
7.790812667868140390e-04,7.466583048993263600e-04,1.668913609780618311e-03,7.466583048993263600e-04,1.507081095060382701e-03,1.072405128065584629e-03,1.668913609780618311e-03,1.072405128065584629e-03,1.682352361263472068e-03
2.456438954031480142e-03,2.359874104712407668e-03,5.518911949694186615e-03,2.359874104712407668e-03,4.760864795350532030e-03,3.882344250280206528e-03,5.518911949694186615e-03,3.882344250280206528e-03,5.565392414174481772e-03
5.247840088849575410e-03,5.100526252895747938e-03,1.213588002964546657e-02,5.100526252895747938e-03,1.022786613521801773e-02,8.871750602763290097e-03,1.213588002964546657e-02,8.871750602763290097e-03,1.222193152349849814e-02
8.311945351663270823e-03,8.157019151509386362e-03,1.960094293291277795e-02,8.157019151509386362e-03,1.627432295866311843e-02,1.466010731941935243e-02,1.960094293291277795e-02,1.466010731941935243e-02,1.971526822480900581e-02
1.059451451764509278e-02,1.047826244066154926e-02,2.535631012439468895e-02,1.047826244066154926e-02,2.082008548098324488e-02,1.927710274682056801e-02,2.535631012439468895e-02,1.927710274682056801e-02,2.547891697628506744e-02
1.123893944209143105e-02,1.118809523143403546e-02,2.721996117021384040e-02,1.118809523143403546e-02,2.215365502266132200e-02,2.095702358391248257e-02,2.721996117021384040e-02,2.095702358391248257e-02,2.733213423360793953e-02
9.896806991813845641e-03,9.909980966542981592e-03,2.420940048367312483e-02,9.909980966542981592e-03,1.955972092462946940e-02,1.883007935484602019e-02,2.420940048367312483e-02,1.883007935484602019e-02,2.429915206373968808e-02
6.929236902710159303e-03,6.978992077855572518e-03,1.708646876619304700e-02,6.978992077855572518e-03,1.372749106593101898e-02,1.338914710686150977e-02,1.708646876619304700e-02,1.338914710686150977e-02,1.715011013565917106e-02
3.594259375823693602e-03,3.631808529622721805e-03,8.830758650678734167e-03,3.631808529622721805e-03,7.123657394080534083e-03,6.871031407593881056e-03,8.830758650678734167e-03,6.871031407593881056e-03,8.873707404998256928e-03
2.338002970079104334e-03,2.294948080398689222e-03,5.339200304099718172e-03,2.294948080398689222e-03,4.565162020483548230e-03,3.790394053102725223e-03,5.339200304099718172e-03,3.790394053102725223e-03,5.378561899039784044e-03
7.299431566912158165e-03,7.083897832618741772e-03,1.663557760168092592e-02,7.083897832618741772e-03,1.421153543931560903e-02,1.185997875470655612e-02,1.663557760168092592e-02,1.185997875470655612e-02,1.670616909126859673e-02
2.514381068220211332e-02,2.463040949159317483e-02,5.888077563564674682e-02,2.463040949159317483e-02,4.920652171049921114e-02,4.353016744091824097e-02,5.888077563564674682e-02,4.353016744091824097e-02,5.904566009309770991e-02
