1.587195054741445550e-11,1.584792939609850486e-11,3.188909096902983881e-11,1.584792939609850486e-11,3.142780727816926820e-11,1.576415654581427483e-11,3.188909096902983881e-11,1.576415654581427483e-11,3.185455382153283328e-11
9.052071751115773771e-12,9.038202319101275419e-12,1.818678309385359079e-11,9.038202319101275419e-12,1.792369791962778753e-11,8.990605980319389600e-12,1.818678309385359079e-11,8.990605980319389600e-12,1.816716978456588081e-11
3.505106169731588945e-12,3.499574062754512048e-12,7.042048665493663071e-12,3.499574062754512048e-12,6.940178672934423040e-12,3.481307451957161006e-12,7.042048665493663071e-12,3.481307451957161006e-12,7.034533907203140216e-12
3.202077214799547694e-13,3.196176138307699671e-13,6.432346738386118126e-13,3.196176138307699671e-13,6.339348766028440822e-13,3.180325414881844882e-13,6.432346738386118126e-13,3.180325414881844882e-13,6.425904921511167987e-13
8.301765326302700214e-13,8.291903322422942369e-13,1.668215434298319412e-12,8.291903322422942369e-13,1.644098948625275129e-12,8.245425031453349606e-13,1.668215434298319412e-12,8.245425031453349606e-13,1.666277716913370396e-12
6.433293283306921131e-12,6.424522028455876721e-12,1.292641561280077795e-11,6.424522028455876721e-12,1.273945109790912898e-11,6.389632980563422736e-12,1.292641561280077795e-11,6.389632980563422736e-12,1.291194614645662597e-11
1.817630686432813613e-11,1.815080102509718681e-11,3.652093761638147709e-11,1.815080102509718681e-11,3.599266630792576780e-11,1.805295342240536029e-11,3.652093761638147709e-11,1.805295342240536029e-11,3.648040952806097800e-11
3.598993253314909476e-11,3.593877531632914768e-11,7.231250861778172150e-11,3.593877531632914768e-11,7.126648109626568435e-11,3.574569481084012001e-11,7.231250861778172150e-11,3.574569481084012001e-11,7.223258169939801259e-11
5.754975723682926654e-11,5.746730861460482390e-11,1.156307938359570679e-10,5.746730861460482390e-11,1.139581154025768397e-10,5.715922484223403707e-11,1.156307938359570679e-10,5.715922484223403707e-11,1.155033042098805201e-10
7.704238181137943136e-11,7.693133258974124122e-11,1.547953335754509522e-10,7.693133258974124122e-11,1.525560718295665904e-10,7.651960520385475474e-11,1.547953335754509522e-10,7.651960520385475474e-11,1.546249958012752540e-10
8.486178684499871802e-11,8.473871862912283200e-11,1.705055383415274014e-10,8.473871862912283200e-11,1.680389622707230869e-10,8.428600856777592901e-11,1.705055383415274014e-10,8.428600856777592901e-11,1.703182848330129122e-10
7.059495622704835059e-11,7.049171526561337671e-11,1.418395862280007343e-10,7.049171526561337671e-11,1.397876341946240245e-10,7.011607164109635539e-11,1.418395862280007343e-10,7.011607164109635539e-11,1.416842463869967379e-10
3.309135421471883764e-11,3.304205223016620278e-11,6.648637384294538385e-11,3.304205223016620278e-11,6.552446900524892468e-11,3.286700272950467654e-11,6.648637384294538385e-11,3.286700272950467654e-11,6.641401729097978508e-11
4.341435070289459061e-13,4.333319888237054876e-13,8.720893192768413320e-13,4.333319888237054876e-13,8.595050878209738774e-13,4.312261838250060657e-13,8.720893192768413320e-13,4.312261838250060657e-13,8.712286889030775119e-13
5.310181580572021001e-11,5.302850228184864085e-11,1.066962900717894491e-10,5.302850228184864085e-11,1.051533347996401047e-10,5.274076484800023019e-11,1.066962900717894491e-10,5.274076484800023019e-11,1.065772526416299508e-10
3.187523469501729684e-10,3.182993078527893192e-10,6.404498747541432665e-10,3.182993078527893192e-10,6.311866452933739916e-10,3.165867689571164544e-10,6.404498747541432665e-10,3.165867689571164544e-10,6.397418043650725833e-10
8.784486438169546696e-10,8.771839138336417646e-10,1.764998234487476722e-09,8.771839138336417646e-10,1.739468744500781285e-09,8.724816094183211199e-10,1.764998234487476722e-09,8.724816094183211199e-10,1.763054904846331203e-09
1.557399405872132042e-09,1.555131904074629836e-09,3.129135946955317906e-09,1.555131904074629836e-09,3.083873912134407911e-09,1.546820726618818787e-09,3.129135946955317906e-09,1.546820726618818787e-09,3.125702973167321577e-09
1.775460731278607539e-09,1.772842081031397663e-09,3.567232819321153183e-09,1.772842081031397663e-09,3.515631863823627700e-09,1.763400678590402821e-09,3.567232819321153183e-09,1.763400678590402821e-09,3.563335140204915057e-09
9.616077031838901862e-10,9.601650016844346820e-10,1.932027342121043846e-09,9.601650016844346820e-10,1.904076089494803638e-09,9.550772493942681759e-10,1.932027342121043846e-09,9.550772493942681759e-10,1.929926772297354417e-09
6.013299373451590117e-14,6.077170063165675395e-14,1.216145782788246111e-13,6.077170063165675395e-14,1.198482966398929098e-13,5.995681679491096016e-14,1.216145782788246111e-13,5.995681679491096016e-14,1.211611447007626427e-13
2.969006267972739962e-09,2.964343384335971463e-09,5.964956577359096557e-09,2.964343384335971463e-09,5.878734916210694322e-09,2.948775878302946407e-09,5.964956577359096557e-09,2.948775878302946407e-09,5.958602154763276898e-09
1.615197064889123988e-08,1.612559687886535716e-08,3.244950357455375051e-08,1.612559687886535716e-08,3.198043111356284634e-08,1.604185772151570387e-08,3.244950357455375051e-08,1.604185772151570387e-08,3.241541344434452945e-08
4.087100140187149245e-08,4.080093278638625581e-08,8.210682817022328147e-08,4.080093278638625581e-08,8.092006435764091463e-08,4.059203868345035384e-08,8.210682817022328147e-08,4.059203868345035384e-08,8.202223221178168841e-08
6.330948826489483510e-08,6.319419112736102004e-08,1.271769285838873703e-07,6.319419112736102004e-08,1.253390730977461281e-07,6.287663150717136588e-08,1.271769285838873703e-07,6.287663150717136588e-08,1.270492960497761857e-07
5.731586740487775431e-08,5.720363987219127631e-08,1.151285453322935418e-07,5.720363987219127631e-08,1.134652283413953295e-07,5.692310420748187151e-08,1.151285453322935418e-07,5.692310420748187151e-08,1.150169449779533231e-07
1.753015949642785199e-08,1.749293256901068244e-08,3.520922464291522532e-08,1.749293256901068244e-08,3.470067966033455184e-08,1.740970133865772424e-08,3.520922464291522532e-08,1.740970133865772424e-08,3.517652015759328277e-08
7.038427184376471083e-09,7.021543255462852898e-09,1.413447116506469257e-08,7.021543255462852898e-09,1.393050261396505312e-08,6.989835874533540709e-09,1.413447116506469257e-08,6.989835874533540709e-09,1.412242165676929565e-08
1.516870225926385137e-07,1.512865934506679850e-07,3.045778798063379645e-07,1.512865934506679850e-07,3.001841039086661743e-07,1.506357059115572321e-07,3.045778798063379645e-07,1.506357059115572321e-07,3.043357695639566956e-07
5.199140071561114329e-07,5.183762020641931866e-07,1.043778415604911770e-06,5.183762020641931866e-07,1.028730646702102846e-06,5.162917072566786416e-07,1.043778415604911770e-06,5.162917072566786416e-07,1.043032191365884772e-06
9.547090557532419059e-07,9.515219074432168408e-07,1.916285096325534999e-06,9.515219074432168408e-07,1.888680181992675197e-06,9.480161618426247085e-07,1.916285096325534999e-06,9.480161618426247085e-07,1.915099322016241399e-06
1.080738356582682534e-06,1.076647261704831375e-06,2.168735107739732575e-06,1.076647261704831375e-06,2.137522189330271479e-06,1.073107250977052275e-06,2.168735107739732575e-06,1.073107250977052275e-06,2.167638511319022094e-06
6.565301784844459627e-07,6.537050704289513069e-07,1.317107198540479779e-06,6.537050704289513069e-07,1.298171295165206440e-06,6.518561975509145539e-07,1.317107198540479779e-06,6.518561975509145539e-07,1.316614047565240383e-06
6.361710475985789117e-08,6.330605405353004231e-08,1.275862534987629165e-07,6.330605405353004231e-08,1.257542687824011785e-07,6.316009922844464648e-08,1.275862534987629165e-07,6.316009922844464648e-08,1.275576246649786428e-07
3.332799967324097118e-07,3.314175116884759596e-07,6.681602391526591489e-07,3.314175116884759596e-07,6.585785710199928524e-07,3.308590217320560944e-07,6.681602391526591489e-07,3.308590217320560944e-07,6.681265991252138489e-07
2.301651469474899982e-06,2.287005962831415889e-06,4.612450180655304926e-06,2.287005962831415889e-06,4.546412386345514094e-06,2.284733105681177158e-06,4.612450180655304926e-06,2.284733105681177158e-06,4.613127038387926655e-06
5.399900936240820540e-06,5.360739283187499708e-06,1.081614455405261951e-05,5.360739283187499708e-06,1.066157086566605525e-05,5.359667987875330339e-06,1.081614455405261951e-05,5.359667987875330339e-06,1.082017473115960313e-05
7.430022835994772378e-06,7.368599725068274893e-06,1.487449654275749480e-05,7.368599725068274893e-06,1.466237491153374484e-05,7.373803978017794737e-06,1.487449654275749480e-05,7.373803978017794737e-06,1.488387370825314918e-05
6.259000863686162733e-06,6.200049413028037137e-06,1.252248591195924723e-05,6.200049413028037137e-06,1.234434102045536307e-05,6.210807113898449299e-06,1.252248591195924723e-05,6.210807113898449299e-06,1.253404790653090046e-05
2.437048608152907931e-06,2.410924486616973464e-06,4.872463526084769762e-06,2.410924486616973464e-06,4.803337293995433011e-06,2.417915968011943668e-06,4.872463526084769762e-06,2.417915968011943668e-06,4.878574336554579835e-06
1.683765063721530166e-13,3.098871820024263799e-13,4.389158552640794625e-13,3.098871820024263799e-13,4.797849680534091554e-13,9.278946387108186135e-14,4.389158552640794625e-13,9.278946387108186135e-14,3.695541219220517357e-13
3.567325610562838642e-06,3.517522074847298512e-06,7.119799397408728375e-06,3.517522074847298512e-06,7.019620818508542928e-06,3.537763032945486528e-06,7.119799397408728375e-06,3.537763032945486528e-06,7.134637157745691653e-06
1.341513177105658333e-05,1.320206297437998314e-05,2.674676620560167587e-05,1.320206297437998314e-05,2.637213852847696287e-05,1.330065257063557634e-05,2.674676620560167587e-05,1.330065257063557634e-05,2.681565058725287679e-05
2.333803655639057033e-05,2.291658761647883034e-05,4.647617822192496369e-05,2.291658761647883034e-05,4.582877033920589927e-05,2.313204118330279202e-05,4.647617822192496369e-05,2.313204118330279202e-05,4.662180772270207047e-05
2.489589672813136373e-05,2.438549304065282765e-05,4.951293553223390522e-05,2.438549304065282765e-05,4.882766847772398614e-05,2.466762192875065910e-05,4.951293553223390522e-05,2.466762192875065910e-05,4.969918249908235390e-05
1.561344335962059704e-05,1.525048832054495465e-05,3.100561147356547886e-05,1.525048832054495465e-05,3.057977323925231065e-05,1.546397016351767854e-05,3.100561147356547886e-05,1.546397016351767854e-05,3.114418179065036896e-05
3.337582326166712680e-06,3.249647433551668103e-06,6.616614618756633121e-06,3.249647433551668103e-06,6.526578617018373150e-06,3.304013723096228405e-06,6.616614618756633121e-06,3.304013723096228405e-06,6.651485821642719171e-06
9.447797664411410241e-07,9.165381071664581626e-07,1.869312011541430121e-06,9.165381071664581626e-07,1.844187520802398019e-06,9.346860849104882580e-07,1.869312011541430121e-06,9.346860849104882580e-07,1.880896183498523238e-06
1.454214858925044396e-05,1.404899556749914401e-05,2.870826294629692159e-05,1.404899556749914401e-05,2.832796606944123230e-05,1.437600428275739415e-05,2.870826294629692159e-05,1.437600428275739415e-05,2.891617713310505429e-05
3.597434741634042475e-05,3.458884288796506038e-05,7.083449441032212395e-05,3.458884288796506038e-05,6.991367909002494220e-05,3.552949825544039720e-05,7.083449441032212395e-05,3.552949825544039720e-05,7.143289166882295512e-05
4.819807402080084974e-05,4.608779569773000287e-05,9.461905730037407751e-05,4.608779569773000287e-05,9.341804842885782648e-05,4.754609440617278178e-05,9.461905730037407751e-05,4.754609440617278178e-05,9.554976655237564149e-05
4.022044074978456071e-05,3.821711285653346858e-05,7.868558318211754307e-05,3.821711285653346858e-05,7.771566391788416748e-05,3.962076389011024162e-05,7.868558318211754307e-05,3.962076389011024162e-05,7.958528454033346542e-05
1.816731639458210441e-05,1.713880971570224781e-05,3.540302168013562562e-05,1.713880971570224781e-05,3.498123011291226183e-05,1.786837717816130885e-05,3.540302168013562562e-05,1.786837717816130885e-05,3.587214566168117407e-05
1.316128393054566035e-06,1.231815619800334557e-06,2.553869407801384969e-06,1.231815619800334557e-06,2.524503274455380528e-06,1.292437311541101836e-06,2.553869407801384969e-06,1.292437311541101836e-06,2.592817355427939613e-06
5.162150364981326886e-06,4.790766685930209150e-06,9.972126570196771073e-06,4.790766685930209150e-06,9.861340991076655708e-06,5.062022212999886486e-06,9.972126570196771073e-06,5.062022212999886486e-06,1.014563355816741932e-05
2.662766051014636489e-05,2.450558134677439007e-05,5.121934858228353372e-05,2.450558134677439007e-05,5.066287222522781824e-05,2.608835645401452044e-05,5.121934858228353372e-05,2.608835645401452044e-05,5.221888665218512432e-05
4.645558952028797475e-05,4.241916113522784307e-05,8.901936766572118766e-05,4.241916113522784307e-05,8.805735971374014563e-05,4.550825503791365166e-05,8.901936766572118766e-05,4.550825503791365166e-05,9.093248400091706574e-05
4.733733100959537529e-05,4.293089721236267040e-05,9.043051904167820831e-05,4.293089721236267040e-05,8.943819003532516986e-05,4.640544366374956496e-05,9.043051904167820831e-05,4.640544366374956496e-05,9.252847040113902676e-05
2.948200227638332916e-05,2.659433214874018631e-05,5.619950187294164438e-05,2.659433214874018631e-05,5.556082479248154943e-05,2.894707233607206453e-05,5.619950187294164438e-05,2.894707233607206453e-05,5.757859876241274897e-05
8.508296316598298444e-06,7.647077874938875048e-06,1.620059404168943255e-05,7.647077874938875048e-06,1.600692701394910937e-05,8.373358998549674278e-06,1.620059404168943255e-05,8.373358998549674278e-06,1.661267828920248038e-05
1.913846675029144533e-11,2.776222012509105862e-11,4.125296832396014340e-11,2.776222012509105862e-11,4.699550616138416825e-11,7.206392295310686518e-12,4.125296832396014340e-11,7.206392295310686518e-12,3.693016308423966559e-11
7.042125596698299872e-06,6.323046478173372927e-06,1.342633471309342321e-05,6.323046478173372927e-06,1.324218177356372825e-05,6.977081024209051398e-06,1.342633471309342321e-05,6.977081024209051398e-06,1.377024304951215051e-05
2.039808519089818638e-05,1.836617714736047755e-05,3.898642075758003184e-05,1.836617714736047755e-05,3.840764597241082284e-05,2.029755305157405235e-05,3.898642075758003184e-05,2.029755305157405235e-05,3.995656717691619314e-05
2.788355675453824177e-05,2.523270556087718445e-05,5.349259754041623798e-05,2.523270556087718445e-05,5.262758147856704774e-05,2.788736072323788322e-05,5.349259754041623798e-05,2.788736072323788322e-05,5.475416328415098216e-05
2.384303734140665127e-05,2.172882774453788294e-05,4.596439163150643564e-05,2.172882774453788294e-05,4.515246507981633749e-05,2.398341382905937942e-05,4.596439163150643564e-05,2.398341382905937942e-05,4.696551689331848663e-05
1.220902079095358688e-05,1.122209931340354347e-05,2.367106854003221187e-05,1.122209931340354347e-05,2.321531674268628923e-05,1.235632021719887035e-05,2.367106854003221187e-05,1.235632021719887035e-05,2.413507963903944792e-05
2.166680766953093168e-06,2.010254325574210686e-06,4.226167683539581226e-06,2.010254325574210686e-06,4.138350020688354469e-06,2.205722126250389626e-06,4.226167683539581226e-06,2.205722126250389626e-06,4.299046540125164041e-06
5.193075526970934215e-07,4.876012183512568041e-07,1.021265673766583200e-06,4.876012183512568041e-07,9.977527716557274764e-07,5.335715315400449413e-07,1.021265673766583200e-06,5.335715315400449413e-07,1.035764355364206459e-06
6.861455707760763300e-06,6.485737456094278933e-06,1.354586605765906976e-05,6.485737456094278933e-06,1.322482666563980512e-05,7.067068574268987377e-06,1.354586605765906976e-05,7.067068574268987377e-06,1.371556887319277758e-05
1.486164727979029722e-05,1.415222729728696208e-05,2.947138992485510929e-05,1.415222729728696208e-05,2.874759921955619452e-05,1.535903527056249856e-05,2.947138992485510929e-05,1.535903527056249856e-05,2.978608235701329121e-05
1.778335848477959009e-05,1.704117700779676463e-05,3.539351783323353950e-05,1.704117700779676463e-05,3.450488316129472679e-05,1.841912906072902721e-05,3.539351783323353950e-05,1.841912906072902721e-05,3.571604632287315800e-05
1.353642886082526566e-05,1.303775675508448208e-05,2.701520746805696351e-05,1.303775675508448208e-05,2.633038082511127698e-05,1.403454579312619736e-05,2.701520746805696351e-05,1.403454579312619736e-05,2.722719993307344246e-05
5.711932359921662124e-06,5.524264182310724374e-06,1.142290974488030622e-05,5.524264182310724374e-06,1.113330132519241987e-05,5.922462787891390633e-06,1.142290974488030622e-05,5.922462787891390633e-06,1.150088523437693293e-05
3.979414887796741606e-07,3.840432235591665583e-07,7.944144214811747219e-07,3.840432235591665583e-07,7.748978516872216764e-07,4.110449128947740907e-07,7.944144214811747219e-07,4.110449128947740907e-07,8.002298501001006048e-07
1.577187911764502923e-06,1.535058982642069816e-06,3.167125283838554200e-06,1.535058982642069816e-06,3.083226510026443310e-06,1.642394003979347005e-06,3.167125283838554200e-06,1.642394003979347005e-06,3.183611238421468138e-06
8.552535255859739657e-06,8.337659387439460998e-06,1.717256925705575032e-05,8.337659387439460998e-06,1.673374640780879097e-05,8.874823083109993280e-06,1.717256925705575032e-05,8.874823083109993280e-06,1.725566873914218720e-05
1.672700340101415144e-05,1.633420493022079959e-05,3.360596036547045131e-05,1.633420493022079959e-05,3.275531565965492310e-05,1.734118928750802991e-05,3.360596036547045131e-05,1.734118928750802991e-05,3.375502009365788234e-05
2.053626020242378715e-05,2.007403528911816279e-05,4.127224013606425938e-05,2.007403528911816279e-05,4.023437469053206121e-05,2.127525737880767769e-05,4.127224013606425938e-05,2.127525737880767769e-05,4.144564040164488809e-05
1.670741442286398072e-05,1.631690958756341894e-05,3.355488375299913031e-05,1.631690958756341894e-05,3.271804491853234123e-05,1.729122822150854961e-05,3.355488375299913031e-05,1.729122822150854961e-05,3.370377309445166841e-05
6.886296702279923778e-06,6.693972503964525397e-06,1.378970243426263317e-05,6.693972503964525397e-06,1.345347709054987487e-05,7.106470304952249175e-06,1.378970243426263317e-05,7.106470304952249175e-06,1.386726037464948181e-05
8.033018849049371039e-08,1.657732960924881825e-08,6.888102795602493674e-08,1.657732960924881825e-08,9.608694753439851113e-08,2.122714360682956532e-08,6.888102795602493674e-08,2.122714360682956532e-08,9.944346953965782609e-08
